jobid/I:node_name/C:cpu_id/C:bogomips/F:dsid/C:vmpeak/F:vmhwm/F:tstage/I:totcpu/I:totwall/I:tfull/F:tistn/F:tkffpar/F:tkffdar/F
    32056529 fnpc17126.fnal.gov  GenuineIntel  4605.71  760_2200  1401.570   709.493     -1     1676     2406  -1.0000  -1.0000  -1.0000  -1.0000
    32056529 fnpc8023.fnal.gov   GenuineIntel  4605.91  760_2200  1402.290   664.490     -1     3372     4287  -1.0000  -1.0000  -1.0000  -1.0000
    32056529 fnpc7310.fnal.gov   GenuineIntel  4616.85  760_2200  1401.570   709.960     -1     2101     2412  -1.0000  -1.0000  -1.0000  -1.0000
    32056529 fnpc8015.fnal.gov   GenuineIntel  4605.92  760_2200  1401.540   676.700     -1     2310     2718  -1.0000  -1.0000  -1.0000  -1.0000
    32056529 fnpc17145.fnal.gov  GenuineIntel  4605.71  760_2200  1401.680   676.127     -1     1644     2261  -1.0000  -1.0000  -1.0000  -1.0000
    32056529 fnpc17103.fnal.gov  GenuineIntel  4606.39  760_2200  1401.610   701.784     -1     1501     1986  -1.0000  -1.0000  -1.0000  -1.0000
    32056529 fnpc7206.fnal.gov   GenuineIntel  4605.30  760_2200  1402.340   674.882     -1     1923     2347  -1.0000  -1.0000  -1.0000  -1.0000
    32056529 fnpc8208.fnal.gov   GenuineIntel  4605.81  760_2200  1402.270   671.777     -1     1998     2386  -1.0000  -1.0000  -1.0000  -1.0000
    32056529 fnpc7212.fnal.gov   GenuineIntel  4611.58  760_2200  1401.790   696.938     -1     1985     2315  -1.0000  -1.0000  -1.0000  -1.0000
    32056529 fnpc7201.fnal.gov   GenuineIntel  4611.66  760_2200  1401.520   671.281     -1     1926     2238  -1.0000  -1.0000  -1.0000  -1.0000
    32056529 fnpc7203.fnal.gov   GenuineIntel  4605.77  760_2200  1402.290   676.291     -1     1890     2145  -1.0000  -1.0000  -1.0000  -1.0000
    32056529 fnpc8206.fnal.gov   GenuineIntel  4605.60  760_2200  1401.950   709.374     -1     2472     2773  -1.0000  -1.0000  -1.0000  -1.0000
    32056529 fnpc8202.fnal.gov   GenuineIntel  4606.09  760_2200  1401.490   710.394     -1     2127     2798  -1.0000  -1.0000  -1.0000  -1.0000
    32056529 fnpc7301.fnal.gov   GenuineIntel  4618.77  760_2200  1401.420   709.444     -1     2210     2500  -1.0000  -1.0000  -1.0000  -1.0000
    32056529 fnpc17125.fnal.gov  GenuineIntel  4605.37  760_2200  1401.490   671.937     -1     1418     2823  -1.0000  -1.0000  -1.0000  -1.0000
    32056529 fnpc17150.fnal.gov  GenuineIntel  4605.55  760_2200  1401.830   671.265     -1     1542     2076  -1.0000  -1.0000  -1.0000  -1.0000
    32056529 fnpc8006.fnal.gov   GenuineIntel  4606.37  760_2200  1401.610   685.183     -1     1986     2486  -1.0000  -1.0000  -1.0000  -1.0000
    32056529 fnpc17140.fnal.gov  GenuineIntel  4605.27  760_2200  1401.410   710.328     -1     1869     2504  -1.0000  -1.0000  -1.0000  -1.0000
    32056529 fnpc17115.fnal.gov  GenuineIntel  4605.50  760_2200  1412.720   693.862     -1     1540     2045  -1.0000  -1.0000  -1.0000  -1.0000
    32056529 fnpc9032.fnal.gov   GenuineIntel  4799.71  760_2200  1381.060   676.585     -1      611      890  -1.0000  -1.0000  -1.0000  -1.0000
