jobid/I:node_name/C:cpu_id/C:bogomips/F:dsid/C:vmpeak/F:vmhwm/F:tstage/I:totcpu/I:totwall/I:tfull/F:tistn/F:tkffpar/F:tkffdar/F
     7276036 fnpc8017.fnal.gov   GenuineIntel  4605.34  760_1100  1401.920   708.551     -1     1759     2285  -1.0000  -1.0000  -1.0000  -1.0000
     7276036 fnpc7303.fnal.gov   GenuineIntel  4605.49  760_1100  1402.150   663.421     -1     1922     2317  -1.0000  -1.0000  -1.0000  -1.0000
     7276036 fnpc17119.fnal.gov  GenuineIntel  4605.45  760_1100  1402.080   706.097     -1     1523     1761  -1.0000  -1.0000  -1.0000  -1.0000
     7276036 fnpc8023.fnal.gov   GenuineIntel  4605.91  760_1100  1401.720   685.482     -1     3288     3725  -1.0000  -1.0000  -1.0000  -1.0000
     7276036 fnpc17116.fnal.gov  GenuineIntel  4605.60  760_1100  1401.570   705.880     -1     1438     1864  -1.0000  -1.0000  -1.0000  -1.0000
     7276036 fnpc8006.fnal.gov   GenuineIntel  4606.37  760_1100  1401.170   667.210     -1     1936     2383  -1.0000  -1.0000  -1.0000  -1.0000
     7276036 fnpc17150.fnal.gov  GenuineIntel  4605.55  760_1100  1403.100   662.057     -1     1566     2030  -1.0000  -1.0000  -1.0000  -1.0000
     7276036 fnpc7204.fnal.gov   GenuineIntel  4605.72  760_1100  1401.700   701.936     -1     1820     2219  -1.0000  -1.0000  -1.0000  -1.0000
     7276036 fnpc17114.fnal.gov  GenuineIntel  4605.63  760_1100  1401.680   701.862     -1     1438     1864  -1.0000  -1.0000  -1.0000  -1.0000
     7276036 fnpc7211.fnal.gov   GenuineIntel  4611.86  760_1100  1401.660   705.552     -1     1798     2158  -1.0000  -1.0000  -1.0000  -1.0000
     7276036 fnpc7305.fnal.gov   GenuineIntel  4618.59  760_1100  1401.620   666.137     -1     1856     2229  -1.0000  -1.0000  -1.0000  -1.0000
     7276036 fnpc8210.fnal.gov   GenuineIntel  4606.10  760_1100  1401.120   686.277     -1     2487     2785  -1.0000  -1.0000  -1.0000  -1.0000
     7276036 fnpc8201.fnal.gov   GenuineIntel  4611.97  760_1100  1402.450   706.724     -1     2070     2336  -1.0000  -1.0000  -1.0000  -1.0000
     7276036 fnpc8203.fnal.gov   GenuineIntel  4612.00  760_1100  1401.360   688.206     -1     1984     2288  -1.0000  -1.0000  -1.0000  -1.0000
     7276036 fnpc17108.fnal.gov  GenuineIntel  4605.28  760_1100  1402.320   706.970     -1     1517     2378  -1.0000  -1.0000  -1.0000  -1.0000
     7276036 fnpc17123.fnal.gov  GenuineIntel  4605.36  760_1100  1402.360   706.789     -1     1357     1998  -1.0000  -1.0000  -1.0000  -1.0000
     7276036 fnpc8025.fnal.gov   GenuineIntel  4605.83  760_1100  1401.520   707.920     -1     1762     2439  -1.0000  -1.0000  -1.0000  -1.0000
     7276036 fnpc8028.fnal.gov   GenuineIntel  4606.28  760_1100  1401.680   709.018     -1     1739     2141  -1.0000  -1.0000  -1.0000  -1.0000
     7276036 fnpc17115.fnal.gov  GenuineIntel  4605.50  760_1100  1401.180   660.468     -1     1506     2052  -1.0000  -1.0000  -1.0000  -1.0000
     7276036 fnpc8026.fnal.gov   GenuineIntel  4611.95  760_1100  1380.590   676.442     -1      567      720  -1.0000  -1.0000  -1.0000  -1.0000
