jobid/I:node_name/C:cpu_id/C:bogomips/F:dsid/C:vmpeak/F:vmhwm/F:tstage/I:totcpu/I:totwall/I:tfull/F:tistn/F:tkffpar/F:tkffdar/F
    31751841 fnpc5024.fnal.gov   AuthenticAMD  4600.06  760_2200  2282.020  1684.310     -1    18667    19086  -1.0000  -1.0000  -1.0000  -1.0000
    31751841 fnpc17145.fnal.gov  GenuineIntel  4605.71  760_2200  2283.060  1676.010     -1    14441    14581  -1.0000  -1.0000  -1.0000  -1.0000
    31751841 fnpc8009.fnal.gov   GenuineIntel  4605.37  760_2200  2282.410  1675.410     -1    12891    13018  -1.0000  -1.0000  -1.0000  -1.0000
    31751841 fnpc17147.fnal.gov  GenuineIntel  4605.95  760_2200  2283.710  1673.700     -1    13903    14080  -1.0000  -1.0000  -1.0000  -1.0000
    31751841 fnpc9075.fnal.gov   GenuineIntel  4799.72  760_2200  2283.090  1685.350     -1     7922     8672  -1.0000  -1.0000  -1.0000  -1.0000
    31751841 fnpc9072.fnal.gov   GenuineIntel  4799.34  760_2200  2283.060  1675.890     -1    10575    10632  -1.0000  -1.0000  -1.0000  -1.0000
    31751841 fnpc17119.fnal.gov  GenuineIntel  4605.45  760_2200  2282.500  1675.210     -1    11820    11876  -1.0000  -1.0000  -1.0000  -1.0000
    31751841 fnpc9071.fnal.gov   GenuineIntel  4799.29  760_2200  2281.960  1673.470     -1     8392     8429  -1.0000  -1.0000  -1.0000  -1.0000
    31751841 fnpc17143.fnal.gov  GenuineIntel  4605.39  760_2200  2280.890  1683.050     -1    10976    11097  -1.0000  -1.0000  -1.0000  -1.0000
    31751841 fnpc7017.fnal.gov   AuthenticAMD  4599.41  760_2200  2282.600  1670.310     -1    20070    20231  -1.0000  -1.0000  -1.0000  -1.0000
    31751841 fnpc9102.fnal.gov   GenuineIntel  4799.30  760_2200  2283.060  1686.070     -1     8664     8688  -1.0000  -1.0000  -1.0000  -1.0000
    31751841 fnpc7014.fnal.gov   AuthenticAMD  4599.36  760_2200  2283.020  1680.700     -1    18345    18432  -1.0000  -1.0000  -1.0000  -1.0000
    31751841 fnpc6000.fnal.gov   AuthenticAMD  4599.51  760_2200  2283.490  1673.970     -1    18476    18565  -1.0000  -1.0000  -1.0000  -1.0000
    31751841 fnpc19130.fnal.gov  AuthenticAMD  5000.04  760_2200  2282.840  1675.850     -1     6853     6867  -1.0000  -1.0000  -1.0000  -1.0000
    31751841 fnpc19105.fnal.gov  AuthenticAMD  5000.72  760_2200  2283.700  1676.710     -1     7115     7131  -1.0000  -1.0000  -1.0000  -1.0000
    31751841 fnpc19142.fnal.gov  AuthenticAMD  4999.99  760_2200  2282.960  1686.310     -1     6449     6465  -1.0000  -1.0000  -1.0000  -1.0000
    31751841 fnpc19132.fnal.gov  AuthenticAMD  5000.83  760_2200  2283.700  1676.690     -1     6514     6526  -1.0000  -1.0000  -1.0000  -1.0000
    31751841 fnpc19139.fnal.gov  AuthenticAMD  5000.00  760_2200  2283.230  1674.640     -1     6698     6712  -1.0000  -1.0000  -1.0000  -1.0000
    31751841 fnpc8016.fnal.gov   GenuineIntel  4605.51  760_2200  2282.970  1675.450     -1    15771    15975  -1.0000  -1.0000  -1.0000  -1.0000
    31751841 fnpc17147.fnal.gov  GenuineIntel  4605.95  760_2200  2284.500  1674.400     -1    14096    14279  -1.0000  -1.0000  -1.0000  -1.0000
    31751841 fnpc17147.fnal.gov  GenuineIntel  4605.95  760_2200  2283.080  1674.150     -1    13899    14077  -1.0000  -1.0000  -1.0000  -1.0000
    31751841 fnpc17147.fnal.gov  GenuineIntel  4605.95  760_2200  2283.320  1676.170     -1    14049    14215  -1.0000  -1.0000  -1.0000  -1.0000
    31751841 fnpc7209.fnal.gov   GenuineIntel  4605.44  760_2200  2282.380  1674.810     -1    15989    16545  -1.0000  -1.0000  -1.0000  -1.0000
    31751841 fnpc7201.fnal.gov   GenuineIntel  4611.66  760_2200  2282.920  1686.440     -1    16369    16725  -1.0000  -1.0000  -1.0000  -1.0000
    31751841 fnpc8014.fnal.gov   GenuineIntel  4605.44  760_2200  2284.550  1672.700     -1    16063    16701  -1.0000  -1.0000  -1.0000  -1.0000
    31751841 fnpc8008.fnal.gov   GenuineIntel  4611.74  760_2200  2283.660  1687.020     -1    23463    24255  -1.0000  -1.0000  -1.0000  -1.0000
    31751841 fnpc9049.fnal.gov   GenuineIntel  4799.31  760_2200  2282.960  1675.500     -1     9817    10029  -1.0000  -1.0000  -1.0000  -1.0000
    31751841 fnpc8003.fnal.gov   GenuineIntel  4607.93  760_2200  2282.120  1674.910     -1    14729    15080  -1.0000  -1.0000  -1.0000  -1.0000
    31751841 fnpc8005.fnal.gov   GenuineIntel  4605.78  760_2200  2282.790  1672.220     -1    15754    16173  -1.0000  -1.0000  -1.0000  -1.0000
    31751841 fnpc9051.fnal.gov   GenuineIntel  4799.34  760_2200  2282.250  1685.600     -1    12202    12264  -1.0000  -1.0000  -1.0000  -1.0000
    31751841 fnpc7021.fnal.gov   AuthenticAMD  4599.40  760_2200  2282.480  1672.660     -1    20876    21253  -1.0000  -1.0000  -1.0000  -1.0000
    31751841 fnpc9103.fnal.gov   GenuineIntel  4799.31  760_2200  2283.740  1676.550     -1    10372    10393  -1.0000  -1.0000  -1.0000  -1.0000
    31751841 fnpc17118.fnal.gov  GenuineIntel  4605.66  760_2200  2283.440  1676.340     -1    14450    14561  -1.0000  -1.0000  -1.0000  -1.0000
    31751841 fnpc9073.fnal.gov   GenuineIntel  4799.74  760_2200  2284.020  1675.630     -1    10637    10946  -1.0000  -1.0000  -1.0000  -1.0000
    31751841 fnpc17106.fnal.gov  GenuineIntel  4605.36  760_2200  2283.400  1676.280     -1    12892    12933  -1.0000  -1.0000  -1.0000  -1.0000
    31751841 fnpc17115.fnal.gov  GenuineIntel  4605.50  760_2200  2283.370  1676.350     -1    11573    11620  -1.0000  -1.0000  -1.0000  -1.0000
    31751841 fnpc7025.fnal.gov   AuthenticAMD  4600.71  760_2200  2283.810  1680.600     -1    21027    21559  -1.0000  -1.0000  -1.0000  -1.0000
    31751841 fnpc7017.fnal.gov   AuthenticAMD  4599.41  760_2200  2282.410  1685.710     -1    19187    19334  -1.0000  -1.0000  -1.0000  -1.0000
    31751841 fnpc6014.fnal.gov   AuthenticAMD  4599.43  760_2200  2282.630  1670.940     -1    20807    21006  -1.0000  -1.0000  -1.0000  -1.0000
    31751841 fnpc19128.fnal.gov  AuthenticAMD  4999.94  760_2200  2282.570  1686.160     -1     6924     6938  -1.0000  -1.0000  -1.0000  -1.0000
    31751841 fnpc19111.fnal.gov  AuthenticAMD  4999.98  760_2200  2282.700  1674.770     -1     6406     6418  -1.0000  -1.0000  -1.0000  -1.0000
    31751841 fnpc19123.fnal.gov  AuthenticAMD  4999.91  760_2200  2284.650  1687.610     -1     7020     7034  -1.0000  -1.0000  -1.0000  -1.0000
    31751841 fnpc19106.fnal.gov  AuthenticAMD  4999.91  760_2200  2282.800  1675.240     -1     6873     6889  -1.0000  -1.0000  -1.0000  -1.0000
    31751841 fnpc19109.fnal.gov  AuthenticAMD  4999.91  760_2200  2284.740  1688.320     -1     6335     6346  -1.0000  -1.0000  -1.0000  -1.0000
    31751841 fnpc8005.fnal.gov   GenuineIntel  4605.78  760_2200  2285.390  1675.740     -1    15844    16186  -1.0000  -1.0000  -1.0000  -1.0000
    31751841 fnpc6014.fnal.gov   AuthenticAMD  4599.43  760_2200  2283.640  1680.550     -1    19321    19503  -1.0000  -1.0000  -1.0000  -1.0000
    31751841 fnpc19106.fnal.gov  AuthenticAMD  4999.91  760_2200  2282.270  1684.120     -1     6777     6794  -1.0000  -1.0000  -1.0000  -1.0000
    31751841 fnpc8005.fnal.gov   GenuineIntel  4605.78  760_2200  2284.210  1662.900     -1    15777    16190  -1.0000  -1.0000  -1.0000  -1.0000
    31751841 fnpc8005.fnal.gov   GenuineIntel  4605.78  760_2200  2283.970  1676.390     -1    15557    15977  -1.0000  -1.0000  -1.0000  -1.0000
    31751841 fnpc19106.fnal.gov  AuthenticAMD  4999.91  760_2200  2281.960  1674.840     -1     6837     6853  -1.0000  -1.0000  -1.0000  -1.0000
