jobid/I:node_name/C:cpu_id/C:bogomips/F:dsid/C:vmpeak/F:vmhwm/F:tstage/I:totcpu/I:totwall/I:tfull/F:tistn/F:tkffpar/F:tkffdar/F
    24497122 fnpc4540.fnal.gov   AuthenticAMD  4000.40  711_1010  1487.450   845.681     -1    14672    14772  -1.0000  -1.0000  -1.0000  -1.0000
    24497122 fnpc9105.fnal.gov   GenuineIntel  4799.36  711_1010  1477.300   824.377     -1     8928     8951  -1.0000  -1.0000  -1.0000  -1.0000
    24497122 fnpc5016.fnal.gov   AuthenticAMD  4600.26  711_1010  1482.630   843.698     -1    12927    13029  -1.0000  -1.0000  -1.0000  -1.0000
    24497122 fnpc9020.fnal.gov   GenuineIntel  4800.47  711_1010  1482.490   817.553     -1     9036     9109  -1.0000  -1.0000  -1.0000  -1.0000
    24497122 fnpc17156.fnal.gov  GenuineIntel  4605.03  711_1010  1479.220   834.687     -1     7626     7654  -1.0000  -1.0000  -1.0000  -1.0000
    24497122 fnpc7013.fnal.gov   AuthenticAMD  4599.39  711_1010  1489.290   846.672     -1    15657    15798  -1.0000  -1.0000  -1.0000  -1.0000
    24497122 fnpc9056.fnal.gov   GenuineIntel  4799.34  711_1010  1476.040   829.075     -1     9279     9307  -1.0000  -1.0000  -1.0000  -1.0000
    24497122 fnpc9066.fnal.gov   GenuineIntel  4800.10  711_1010  1479.360   834.748     -1     8877     8926  -1.0000  -1.0000  -1.0000  -1.0000
    24497122 fnpc8018.fnal.gov   GenuineIntel  4605.89  711_1010  1477.480   835.412     -1    10876    10925  -1.0000  -1.0000  -1.0000  -1.0000
    24497122 fnpc17130.fnal.gov  GenuineIntel  4605.23  711_1010  1474.970   824.803     -1     8940     8980  -1.0000  -1.0000  -1.0000  -1.0000
    24497122 fnpc9110.fnal.gov   GenuineIntel  4799.70  711_1010  1478.080   820.552     -1     8948     8967  -1.0000  -1.0000  -1.0000  -1.0000
    24497122 fnpc8014.fnal.gov   GenuineIntel  4605.40  711_1010  1484.250   821.223     -1    10580    10617  -1.0000  -1.0000  -1.0000  -1.0000
    24497122 fnpc9049.fnal.gov   GenuineIntel  4800.49  711_1010  1480.500   828.867     -1     9908     9941  -1.0000  -1.0000  -1.0000  -1.0000
    24497122 fnpc17104.fnal.gov  GenuineIntel  4605.62  711_1010  1478.710   825.983     -1     8897     8943  -1.0000  -1.0000  -1.0000  -1.0000
    24497122 fnpc9072.fnal.gov   GenuineIntel  4799.33  711_1010  1478.700   833.511     -1     8735     8778  -1.0000  -1.0000  -1.0000  -1.0000
    24497122 fnpc17109.fnal.gov  GenuineIntel  4605.04  711_1010  1478.880   834.417     -1     7644     7680  -1.0000  -1.0000  -1.0000  -1.0000
    24497122 fnpc17116.fnal.gov  GenuineIntel  4604.92  711_1010  1477.720   816.079     -1     8499     8551  -1.0000  -1.0000  -1.0000  -1.0000
    24497122 fnpc9108.fnal.gov   GenuineIntel  4799.73  711_1010  1478.740   819.646     -1     9509     9537  -1.0000  -1.0000  -1.0000  -1.0000
    24497122 fnpc17131.fnal.gov  GenuineIntel  4604.72  711_1010  1482.150   832.078     -1     9412     9479  -1.0000  -1.0000  -1.0000  -1.0000
    24497122 fnpc8004.fnal.gov   GenuineIntel  4605.51  711_1010  1478.190   834.908     -1    10924    10974  -1.0000  -1.0000  -1.0000  -1.0000
    24497122 fnpc9019.fnal.gov   GenuineIntel  4800.08  711_1010  1477.890   825.713     -1     9373     9494  -1.0000  -1.0000  -1.0000  -1.0000
    24497122 fnpc9017.fnal.gov   GenuineIntel  4799.35  711_1010  1479.500   836.289     -1     8589     8664  -1.0000  -1.0000  -1.0000  -1.0000
    24497122 fnpc9052.fnal.gov   GenuineIntel  4800.11  711_1010  1476.500   827.470     -1     8551     8594  -1.0000  -1.0000  -1.0000  -1.0000
    24497122 fnpc9104.fnal.gov   GenuineIntel  4799.73  711_1010  1480.550   819.597     -1     9622     9650  -1.0000  -1.0000  -1.0000  -1.0000
    24497122 fnpc17153.fnal.gov  GenuineIntel  4605.73  711_1010  1475.800   833.589     -1     8613     8664  -1.0000  -1.0000  -1.0000  -1.0000
    24497122 fnpc9069.fnal.gov   GenuineIntel  4799.34  711_1010  1477.630   822.747     -1     8981     9010  -1.0000  -1.0000  -1.0000  -1.0000
    24497122 fnpc8209.fnal.gov   GenuineIntel  4605.56  711_1010  1481.700   786.117     -1    10726    10751  -1.0000  -1.0000  -1.0000  -1.0000
    24497122 fnpc6007.fnal.gov   AuthenticAMD  4599.47  711_1010  1480.100   819.499     -1    15688    15828  -1.0000  -1.0000  -1.0000  -1.0000
    24497122 fnpc17123.fnal.gov  GenuineIntel  4605.25  711_1010  1475.700   826.098     -1     8720     8790  -1.0000  -1.0000  -1.0000  -1.0000
    24497122 fnpc7028.fnal.gov   AuthenticAMD  4599.40  711_1010  1493.180   829.612     -1    17150    17385  -1.0000  -1.0000  -1.0000  -1.0000
    24497122 fnpc9062.fnal.gov   GenuineIntel  4799.72  711_1010  1480.590   819.438     -1     8357     8375  -1.0000  -1.0000  -1.0000  -1.0000
    24497122 fnpc9106.fnal.gov   GenuineIntel  4799.31  711_1010  1484.650   837.194     -1     9590     9616  -1.0000  -1.0000  -1.0000  -1.0000
    24497122 fnpc8006.fnal.gov   GenuineIntel  4605.61  711_1010  1485.160   842.031     -1    11270    11303  -1.0000  -1.0000  -1.0000  -1.0000
    24497122 fnpc17143.fnal.gov  GenuineIntel  4604.93  711_1010  1478.210   833.970     -1     9037     9098  -1.0000  -1.0000  -1.0000  -1.0000
    24497122 fnpc7302.fnal.gov   GenuineIntel  4606.27  711_1010  1475.240   785.236     -1     9655     9692  -1.0000  -1.0000  -1.0000  -1.0000
    24497122 fnpc9003.fnal.gov   GenuineIntel  4799.37  711_1010  1483.090   832.451     -1     8798     8826  -1.0000  -1.0000  -1.0000  -1.0000
    24497122 fnpc9015.fnal.gov   GenuineIntel  4800.07  711_1010  1480.460   827.236     -1     8689     8717  -1.0000  -1.0000  -1.0000  -1.0000
    24497122 fnpc9044.fnal.gov   GenuineIntel  4799.33  711_1010  1480.420   834.224     -1     7657     7708  -1.0000  -1.0000  -1.0000  -1.0000
    24497122 fnpc7210.fnal.gov   GenuineIntel  4611.63  711_1010  1486.230   811.966     -1     9879     9935  -1.0000  -1.0000  -1.0000  -1.0000
    24497122 fnpc7005.fnal.gov   AuthenticAMD  4601.36  711_1010  1489.300   848.687     -1    16661    16772  -1.0000  -1.0000  -1.0000  -1.0000
    24497122 fnpc17156.fnal.gov  GenuineIntel  4605.03  711_1010  1477.480   834.048     -1     7739     7766  -1.0000  -1.0000  -1.0000  -1.0000
    24497122 fnpc9110.fnal.gov   GenuineIntel  4799.70  711_1010  1475.490   828.277     -1     8862     8877  -1.0000  -1.0000  -1.0000  -1.0000
    24497122 fnpc9072.fnal.gov   GenuineIntel  4799.33  711_1010  1481.560   837.587     -1     8577     8596  -1.0000  -1.0000  -1.0000  -1.0000
    24497122 fnpc7210.fnal.gov   GenuineIntel  4611.63  711_1010  1480.320   802.562     -1    10441    10488  -1.0000  -1.0000  -1.0000  -1.0000
    24497122 fnpc9019.fnal.gov   GenuineIntel  4800.08  711_1010  1480.200   828.744     -1     9375     9494  -1.0000  -1.0000  -1.0000  -1.0000
    24497122 fnpc8209.fnal.gov   GenuineIntel  4605.56  711_1010  1480.970   836.006     -1    10593    10615  -1.0000  -1.0000  -1.0000  -1.0000
    24497122 fnpc9062.fnal.gov   GenuineIntel  4799.72  711_1010  1479.520   821.465     -1     8277     8295  -1.0000  -1.0000  -1.0000  -1.0000
    24497122 fnpc9106.fnal.gov   GenuineIntel  4799.31  711_1010  1480.380   830.493     -1     9389     9410  -1.0000  -1.0000  -1.0000  -1.0000
    24497122 fnpc8006.fnal.gov   GenuineIntel  4605.61  711_1010  1476.410   832.074     -1    11339    11367  -1.0000  -1.0000  -1.0000  -1.0000
    24497122 fnpc7302.fnal.gov   GenuineIntel  4606.27  711_1010  1482.750   792.580     -1     9502     9541  -1.0000  -1.0000  -1.0000  -1.0000
    24497122 fnpc17153.fnal.gov  GenuineIntel  4605.73  711_1010  1480.800   834.478     -1     8573     8628  -1.0000  -1.0000  -1.0000  -1.0000
    24497122 fnpc17131.fnal.gov  GenuineIntel  4604.72  711_1010  1478.610   833.626     -1     9437     9509  -1.0000  -1.0000  -1.0000  -1.0000
    24497122 fnpc7210.fnal.gov   GenuineIntel  4611.63  711_1010  1478.960   836.714     -1     9822     9876  -1.0000  -1.0000  -1.0000  -1.0000
    24497122 fnpc17143.fnal.gov  GenuineIntel  4604.93  711_1010  1488.640   846.406     -1     8944     9001  -1.0000  -1.0000  -1.0000  -1.0000
    24497122 fnpc7005.fnal.gov   AuthenticAMD  4601.36  711_1010  1493.320   853.094     -1    16838    16946  -1.0000  -1.0000  -1.0000  -1.0000
    24497122 fnpc9044.fnal.gov   GenuineIntel  4799.33  711_1010  1480.940   837.550     -1     7793     7852  -1.0000  -1.0000  -1.0000  -1.0000
    24497122 fnpc7302.fnal.gov   GenuineIntel  4606.27  711_1010  1478.590   830.771     -1    10176    10211  -1.0000  -1.0000  -1.0000  -1.0000
    24497122 fnpc6021.fnal.gov   AuthenticAMD  4599.92  711_1010  1491.300   848.093     -1    16525    16688  -1.0000  -1.0000  -1.0000  -1.0000
    24497122 fnpc5036.fnal.gov   AuthenticAMD  4600.08  711_1010  1484.690   824.885     -1    12967    13029  -1.0000  -1.0000  -1.0000  -1.0000
    24497122 fnpc8023.fnal.gov   GenuineIntel  4605.71  711_1010  1476.010   822.047     -1    11125    11155  -1.0000  -1.0000  -1.0000  -1.0000
    24497122 fnpc17141.fnal.gov  GenuineIntel  4605.09  711_1010  1478.190   834.888     -1     7007     7063  -1.0000  -1.0000  -1.0000  -1.0000
    24497122 fnpc9046.fnal.gov   GenuineIntel  4799.30  711_1010  1481.760   821.948     -1     9525     9562  -1.0000  -1.0000  -1.0000  -1.0000
    24497122 fnpc17128.fnal.gov  GenuineIntel  4605.36  711_1010  1477.700   833.139     -1     8655     8704  -1.0000  -1.0000  -1.0000  -1.0000
    24497122 fnpc9004.fnal.gov   GenuineIntel  4799.30  711_1010  1483.370   841.167     -1     9892     9932  -1.0000  -1.0000  -1.0000  -1.0000
    24497122 fnpc9108.fnal.gov   GenuineIntel  4799.73  711_1010  1482.850   819.663     -1     9752     9773  -1.0000  -1.0000  -1.0000  -1.0000
    24497122 fnpc8016.fnal.gov   GenuineIntel  4605.68  711_1010  1479.720   817.983     -1    11246    11313  -1.0000  -1.0000  -1.0000  -1.0000
    24497122 fnpc17116.fnal.gov  GenuineIntel  4604.92  711_1010  1481.170   838.476     -1     8426     8454  -1.0000  -1.0000  -1.0000  -1.0000
    24497122 fnpc9103.fnal.gov   GenuineIntel  4799.32  711_1010  1483.030   839.332     -1    10587    10617  -1.0000  -1.0000  -1.0000  -1.0000
    24497122 fnpc9047.fnal.gov   GenuineIntel  4799.47  711_1010  1478.890   819.352     -1     9613     9637  -1.0000  -1.0000  -1.0000  -1.0000
    24497122 fnpc17142.fnal.gov  GenuineIntel  4605.34  711_1010  1480.040   826.319     -1     8819     8867  -1.0000  -1.0000  -1.0000  -1.0000
    24497122 fnpc9059.fnal.gov   GenuineIntel  4799.31  711_1010  1476.410   832.643     -1     8030     8052  -1.0000  -1.0000  -1.0000  -1.0000
    24497122 fnpc6007.fnal.gov   AuthenticAMD  4599.47  711_1010  1484.250   817.742     -1    16255    16367  -1.0000  -1.0000  -1.0000  -1.0000
    24497122 fnpc9046.fnal.gov   GenuineIntel  4799.30  711_1010  1477.300   819.126     -1     9495     9561  -1.0000  -1.0000  -1.0000  -1.0000
    24497122 fnpc9047.fnal.gov   GenuineIntel  4799.47  711_1010  1477.680   820.523     -1     8948     8977  -1.0000  -1.0000  -1.0000  -1.0000
    24497122 fnpc5008.fnal.gov   AuthenticAMD  4600.07  711_1010  1477.910   822.645     -1    13226    13377  -1.0000  -1.0000  -1.0000  -1.0000
    24497122 fnpc5008.fnal.gov   AuthenticAMD  4600.07  711_1010  1481.880   843.354     -1    12973    13075  -1.0000  -1.0000  -1.0000  -1.0000
    24497122 fnpc9104.fnal.gov   GenuineIntel  4799.73  711_1010  1486.820   834.654     -1     9758     9786  -1.0000  -1.0000  -1.0000  -1.0000
    24497122 fnpc8012.fnal.gov   GenuineIntel  4605.57  711_1010  1481.720   838.173     -1    10654    10692  -1.0000  -1.0000  -1.0000  -1.0000
    24497122 fnpc8020.fnal.gov   GenuineIntel  4605.35  711_1010  1479.480   827.867     -1    10739    10772  -1.0000  -1.0000  -1.0000  -1.0000
    24497122 fnpc8003.fnal.gov   GenuineIntel  4606.48  711_1010  1481.360   836.727     -1    11790    11877  -1.0000  -1.0000  -1.0000  -1.0000
    24497122 fnpc9009.fnal.gov   GenuineIntel  4799.71  711_1010  1479.560   815.784     -1     9173     9203  -1.0000  -1.0000  -1.0000  -1.0000
    24497122 fnpc9051.fnal.gov   GenuineIntel  4799.36  711_1010  1476.060   822.526     -1     9913     9942  -1.0000  -1.0000  -1.0000  -1.0000
    24497122 fnpc9074.fnal.gov   GenuineIntel  4800.12  711_1010  1483.570   818.897     -1     9157     9184  -1.0000  -1.0000  -1.0000  -1.0000
    24497122 fnpc7007.fnal.gov   AuthenticAMD  4599.88  711_1010  1485.800   845.328     -1    16890    17096  -1.0000  -1.0000  -1.0000  -1.0000
    24497122 fnpc17129.fnal.gov  GenuineIntel  4605.03  711_1010  1478.250   813.793     -1     9720     9783  -1.0000  -1.0000  -1.0000  -1.0000
    24497122 fnpc17158.fnal.gov  GenuineIntel  4605.53  711_1010  1479.720   835.215     -1     7564     7606  -1.0000  -1.0000  -1.0000  -1.0000
    24497122 fnpc9105.fnal.gov   GenuineIntel  4799.36  711_1010  1483.460   823.763     -1     9161     9173  -1.0000  -1.0000  -1.0000  -1.0000
    24497122 fnpc17146.fnal.gov  GenuineIntel  4605.53  711_1010  1479.770   820.486     -1     9035     9083  -1.0000  -1.0000  -1.0000  -1.0000
    24497122 fnpc17106.fnal.gov  GenuineIntel  4605.08  711_1010  1479.180   835.252     -1     8648     8684  -1.0000  -1.0000  -1.0000  -1.0000
    24497122 fnpc9020.fnal.gov   GenuineIntel  4800.47  711_1010  1487.600   818.061     -1     9061     9088  -1.0000  -1.0000  -1.0000  -1.0000
    24497122 fnpc8007.fnal.gov   GenuineIntel  4611.92  711_1010  1478.780   836.456     -1    10964    11002  -1.0000  -1.0000  -1.0000  -1.0000
    24497122 fnpc6007.fnal.gov   AuthenticAMD  4599.47  711_1010  1494.410   819.794     -1    16007    16121  -1.0000  -1.0000  -1.0000  -1.0000
    24497122 fnpc17101.fnal.gov  GenuineIntel  4605.29  711_1010  1480.740   810.717     -1     8795     8912  -1.0000  -1.0000  -1.0000  -1.0000
    24497122 fnpc9110.fnal.gov   GenuineIntel  4799.70  711_1010  1479.940   835.080     -1     9021     9032  -1.0000  -1.0000  -1.0000  -1.0000
    24497122 fnpc9062.fnal.gov   GenuineIntel  4799.72  711_1010  1479.910   786.252     -1     8373     8387  -1.0000  -1.0000  -1.0000  -1.0000
    24497122 fnpc7020.fnal.gov   AuthenticAMD  4599.38  711_1010  1478.870   840.778     -1    16229    16305  -1.0000  -1.0000  -1.0000  -1.0000
    24497122 fnpc9105.fnal.gov   GenuineIntel  4799.36  711_1010  1483.550   838.103     -1     9330     9339  -1.0000  -1.0000  -1.0000  -1.0000
    24497122 fnpc17158.fnal.gov  GenuineIntel  4605.53  711_1010  1480.380   836.927     -1     7641     7678  -1.0000  -1.0000  -1.0000  -1.0000
    24497122 fnpc9062.fnal.gov   GenuineIntel  4799.72  711_1010  1481.510   838.582     -1     8375     8384  -1.0000  -1.0000  -1.0000  -1.0000
    24497122 fnpc9041.fnal.gov   GenuineIntel  4799.65  711_1010  1482.250   815.186     -1     8760     8798  -1.0000  -1.0000  -1.0000  -1.0000
    24497122 fnpc9006.fnal.gov   GenuineIntel  4799.73  711_1010  1476.860   833.536     -1     8905     8930  -1.0000  -1.0000  -1.0000  -1.0000
    24497122 fnpc6026.fnal.gov   AuthenticAMD  4599.46  711_1010  1488.080   847.593     -1    15989    16087  -1.0000  -1.0000  -1.0000  -1.0000
    24497122 fnpc9078.fnal.gov   GenuineIntel  4800.07  711_1010  1479.800   830.771     -1     9721     9755  -1.0000  -1.0000  -1.0000  -1.0000
    24497122 fnpc17120.fnal.gov  GenuineIntel  4605.71  711_1010  1479.300   835.592     -1     9007     9078  -1.0000  -1.0000  -1.0000  -1.0000
    24497122 fnpc8002.fnal.gov   GenuineIntel  4605.77  711_1010  1477.900   831.836     -1    10634    10652  -1.0000  -1.0000  -1.0000  -1.0000
    24497122 fnpc17129.fnal.gov  GenuineIntel  4605.03  711_1010  1496.330   825.754     -1     9615     9679  -1.0000  -1.0000  -1.0000  -1.0000
    24497122 fnpc9008.fnal.gov   GenuineIntel  4799.32  711_1010  1477.060   818.991     -1     9313     9357  -1.0000  -1.0000  -1.0000  -1.0000
    24497122 fnpc17119.fnal.gov  GenuineIntel  4605.18  711_1010  1478.830   820.863     -1     7637     7700  -1.0000  -1.0000  -1.0000  -1.0000
    24497122 fnpc9010.fnal.gov   GenuineIntel  4799.30  711_1010  1486.190   844.014     -1     8827     8861  -1.0000  -1.0000  -1.0000  -1.0000
    24497122 fnpc17110.fnal.gov  GenuineIntel  4605.33  711_1010  1480.680   837.378     -1     8476     8522  -1.0000  -1.0000  -1.0000  -1.0000
    24497122 fnpc17126.fnal.gov  GenuineIntel  4605.58  711_1010  1478.940   826.511     -1     7807     7840  -1.0000  -1.0000  -1.0000  -1.0000
    24497122 fnpc17118.fnal.gov  GenuineIntel  4604.99  711_1010  1479.630   831.902     -1     9063     9109  -1.0000  -1.0000  -1.0000  -1.0000
    24497122 fnpc9107.fnal.gov   GenuineIntel  4799.37  711_1010  1479.360   837.337     -1     8811     8830  -1.0000  -1.0000  -1.0000  -1.0000
    24497122 fnpc17121.fnal.gov  GenuineIntel  4605.40  711_1010  1479.590   832.307     -1     9050     9090  -1.0000  -1.0000  -1.0000  -1.0000
    24497122 fnpc17138.fnal.gov  GenuineIntel  4605.37  711_1010  1479.200   830.820     -1     7568     7614  -1.0000  -1.0000  -1.0000  -1.0000
    24497122 fnpc9065.fnal.gov   GenuineIntel  4799.30  711_1010  1484.320   829.276     -1     9228     9275  -1.0000  -1.0000  -1.0000  -1.0000
    24497122 fnpc8017.fnal.gov   GenuineIntel  4605.77  711_1010  1479.820   835.256     -1    11282    11361  -1.0000  -1.0000  -1.0000  -1.0000
    24497122 fnpc17101.fnal.gov  GenuineIntel  4605.29  711_1010  1475.270   832.020     -1     8871     8934  -1.0000  -1.0000  -1.0000  -1.0000
    24497122 fnpc6023.fnal.gov   AuthenticAMD  4600.20  711_1010  1481.690   841.708     -1    16247    16388  -1.0000  -1.0000  -1.0000  -1.0000
    24497122 fnpc7024.fnal.gov   AuthenticAMD  4600.11  711_1010  1479.360   826.159     -1    17327    17456  -1.0000  -1.0000  -1.0000  -1.0000
    24497122 fnpc8002.fnal.gov   GenuineIntel  4605.77  711_1010  1480.330   833.573     -1    10616    10635  -1.0000  -1.0000  -1.0000  -1.0000
    24497122 fnpc9008.fnal.gov   GenuineIntel  4799.32  711_1010  1480.940   816.140     -1     9380     9431  -1.0000  -1.0000  -1.0000  -1.0000
    24497122 fnpc17126.fnal.gov  GenuineIntel  4605.58  711_1010  1480.320   773.566     -1     8306     8369  -1.0000  -1.0000  -1.0000  -1.0000
    24497122 fnpc17121.fnal.gov  GenuineIntel  4605.40  711_1010  1479.280   834.724     -1     8916     8957  -1.0000  -1.0000  -1.0000  -1.0000
    24497122 fnpc17126.fnal.gov  GenuineIntel  4605.58  711_1010  1474.090   774.124     -1     8410     8491  -1.0000  -1.0000  -1.0000  -1.0000
    24497122 fnpc8025.fnal.gov   GenuineIntel  4605.57  711_1010  1480.590   831.087     -1    10800    10835  -1.0000  -1.0000  -1.0000  -1.0000
    24497122 fnpc9055.fnal.gov   GenuineIntel  4799.36  711_1010  1476.850   835.133     -1     8224     8248  -1.0000  -1.0000  -1.0000  -1.0000
    24497122 fnpc6028.fnal.gov   AuthenticAMD  4599.38  711_1010  1484.000   800.391     -1    16931    17096  -1.0000  -1.0000  -1.0000  -1.0000
    24497122 fnpc17117.fnal.gov  GenuineIntel  4605.30  711_1010  1486.150   840.090     -1     8007     8044  -1.0000  -1.0000  -1.0000  -1.0000
    24497122 fnpc9007.fnal.gov   GenuineIntel  4799.34  711_1010  1478.270   832.639     -1     9044     9061  -1.0000  -1.0000  -1.0000  -1.0000
    24497122 fnpc9035.fnal.gov   GenuineIntel  4799.29  711_1010  1480.040   834.437     -1     9359     9493  -1.0000  -1.0000  -1.0000  -1.0000
    24497122 fnpc7015.fnal.gov   AuthenticAMD  4601.75  711_1010  1479.480   837.550     -1    16291    16435  -1.0000  -1.0000  -1.0000  -1.0000
    24497122 fnpc6008.fnal.gov   AuthenticAMD  4599.45  711_1010  1491.750   852.767     -1    16873    17045  -1.0000  -1.0000  -1.0000  -1.0000
    24497122 fnpc8014.fnal.gov   GenuineIntel  4605.40  711_1010  1479.500   818.426     -1    10972    10995  -1.0000  -1.0000  -1.0000  -1.0000
    24497122 fnpc6024.fnal.gov   AuthenticAMD  4601.08  711_1010  1484.980   819.376     -1    16253    16384  -1.0000  -1.0000  -1.0000  -1.0000
    24497122 fnpc17145.fnal.gov  GenuineIntel  4605.00  711_1010  1484.460   828.989     -1     8964     9008  -1.0000  -1.0000  -1.0000  -1.0000
    24497122 fnpc9025.fnal.gov   GenuineIntel  4799.71  711_1010  1482.550   839.025     -1     8707     8753  -1.0000  -1.0000  -1.0000  -1.0000
    24497122 fnpc17113.fnal.gov  GenuineIntel  4604.87  711_1010  1477.150   834.023     -1     7629     7735  -1.0000  -1.0000  -1.0000  -1.0000
    24497122 fnpc17105.fnal.gov  GenuineIntel  4605.40  711_1010  1477.950   825.147     -1     9148     9204  -1.0000  -1.0000  -1.0000  -1.0000
    24497122 fnpc9069.fnal.gov   GenuineIntel  4799.34  711_1010  1484.350   790.192     -1     8967     8984  -1.0000  -1.0000  -1.0000  -1.0000
    24497122 fnpc9053.fnal.gov   GenuineIntel  4799.71  711_1010  1484.670   833.769     -1     9345     9367  -1.0000  -1.0000  -1.0000  -1.0000
    24497122 fnpc9034.fnal.gov   GenuineIntel  4799.30  711_1010  1484.960   842.412     -1     9767     9797  -1.0000  -1.0000  -1.0000  -1.0000
    24497122 fnpc4546.fnal.gov   AuthenticAMD  4000.51  711_1010  1486.560   846.053     -1    14633    14686  -1.0000  -1.0000  -1.0000  -1.0000
    24497122 fnpc17124.fnal.gov  GenuineIntel  4605.28  711_1010  1473.680   827.056     -1     7692     7803  -1.0000  -1.0000  -1.0000  -1.0000
    24497122 fnpc6007.fnal.gov   AuthenticAMD  4599.47  711_1010  1481.080   835.543     -1    16415    16525  -1.0000  -1.0000  -1.0000  -1.0000
    24497122 fnpc8014.fnal.gov   GenuineIntel  4605.40  711_1010  1480.530   833.839     -1    10548    10573  -1.0000  -1.0000  -1.0000  -1.0000
    24497122 fnpc9069.fnal.gov   GenuineIntel  4799.34  711_1010  1482.400   790.684     -1     9106     9134  -1.0000  -1.0000  -1.0000  -1.0000
    24497122 fnpc17124.fnal.gov  GenuineIntel  4605.28  711_1010  1479.580   833.139     -1     7616     7728  -1.0000  -1.0000  -1.0000  -1.0000
    24497122 fnpc9069.fnal.gov   GenuineIntel  4799.34  711_1010  1482.790   782.938     -1     9164     9182  -1.0000  -1.0000  -1.0000  -1.0000
    24497122 fnpc9069.fnal.gov   GenuineIntel  4799.34  711_1010  1479.590   834.212     -1     8912     8932  -1.0000  -1.0000  -1.0000  -1.0000
    24497122 fnpc6010.fnal.gov   AuthenticAMD  4599.37  711_1010  1484.670   843.592     -1    17544    17667  -1.0000  -1.0000  -1.0000  -1.0000
    24497122 fnpc6028.fnal.gov   AuthenticAMD  4599.38  711_1010  1478.790   834.720     -1    18002    18159  -1.0000  -1.0000  -1.0000  -1.0000
    24497122 fnpc17159.fnal.gov  GenuineIntel  4605.05  711_1010  1475.040   830.648     -1     8024     8103  -1.0000  -1.0000  -1.0000  -1.0000
    24497122 fnpc9038.fnal.gov   GenuineIntel  4799.34  711_1010  1478.900   811.897     -1     9078     9100  -1.0000  -1.0000  -1.0000  -1.0000
    24497122 fnpc9051.fnal.gov   GenuineIntel  4799.36  711_1010  1486.910   817.332     -1     9067     9080  -1.0000  -1.0000  -1.0000  -1.0000
    24497122 fnpc8016.fnal.gov   GenuineIntel  4605.68  711_1010  1485.930   836.162     -1    11216    11272  -1.0000  -1.0000  -1.0000  -1.0000
    24497122 fnpc4560.fnal.gov   AuthenticAMD  4000.42  711_1010  1479.310   840.364     -1    14898    15050  -1.0000  -1.0000  -1.0000  -1.0000
    24497122 fnpc9047.fnal.gov   GenuineIntel  4799.47  711_1010  1478.300   833.094     -1     9643     9656  -1.0000  -1.0000  -1.0000  -1.0000
    24497122 fnpc9009.fnal.gov   GenuineIntel  4799.71  711_1010  1483.370   815.428     -1     9170     9201  -1.0000  -1.0000  -1.0000  -1.0000
    24497122 fnpc17155.fnal.gov  GenuineIntel  4605.44  711_1010  1482.490   835.412     -1     9500     9564  -1.0000  -1.0000  -1.0000  -1.0000
    24497122 fnpc17136.fnal.gov  GenuineIntel  4605.77  711_1010  1479.520   832.958     -1     9032     9218  -1.0000  -1.0000  -1.0000  -1.0000
    24497122 fnpc9046.fnal.gov   GenuineIntel  4799.30  711_1010  1482.000   837.698     -1     9403     9432  -1.0000  -1.0000  -1.0000  -1.0000
    24497122 fnpc9070.fnal.gov   GenuineIntel  4799.32  711_1010  1482.280   832.131     -1     9374     9423  -1.0000  -1.0000  -1.0000  -1.0000
    24497122 fnpc17146.fnal.gov  GenuineIntel  4605.53  711_1010  1479.160   821.629     -1     8660     8695  -1.0000  -1.0000  -1.0000  -1.0000
    24497122 fnpc6014.fnal.gov   AuthenticAMD  4599.37  711_1010  1484.310   843.731     -1    17110    17273  -1.0000  -1.0000  -1.0000  -1.0000
    24497122 fnpc17104.fnal.gov  GenuineIntel  4605.62  711_1010  1480.530   834.830     -1     9118     9154  -1.0000  -1.0000  -1.0000  -1.0000
    24497122 fnpc7024.fnal.gov   AuthenticAMD  4600.11  711_1010  1480.180   840.810     -1    16197    16345  -1.0000  -1.0000  -1.0000  -1.0000
    24497122 fnpc17135.fnal.gov  GenuineIntel  4605.45  711_1010  1480.490   835.809     -1     9213     9277  -1.0000  -1.0000  -1.0000  -1.0000
    24497122 fnpc9041.fnal.gov   GenuineIntel  4799.65  711_1010  1478.270   834.466     -1     8808     8839  -1.0000  -1.0000  -1.0000  -1.0000
    24497122 fnpc9003.fnal.gov   GenuineIntel  4799.37  711_1010  1483.960   841.634     -1     8581     8604  -1.0000  -1.0000  -1.0000  -1.0000
    24497122 fnpc7002.fnal.gov   AuthenticAMD  4599.40  711_1010  1481.210   842.760     -1    17343    17497  -1.0000  -1.0000  -1.0000  -1.0000
    24497122 fnpc7018.fnal.gov   AuthenticAMD  4599.71  711_1010  1480.020   840.430     -1    16410    16539  -1.0000  -1.0000  -1.0000  -1.0000
    24497122 fnpc9021.fnal.gov   GenuineIntel  4799.33  711_1010  1479.190   835.871     -1     8809     8836  -1.0000  -1.0000  -1.0000  -1.0000
    24497122 fnpc9068.fnal.gov   GenuineIntel  4799.33  711_1010  1479.850   829.891     -1     9450     9486  -1.0000  -1.0000  -1.0000  -1.0000
    24497122 fnpc6031.fnal.gov   AuthenticAMD  4599.77  711_1010  1490.150   850.219     -1    16505    16637  -1.0000  -1.0000  -1.0000  -1.0000
    24497122 fnpc9056.fnal.gov   GenuineIntel  4799.34  711_1010  1481.950   832.590     -1     9209     9229  -1.0000  -1.0000  -1.0000  -1.0000
    24497122 fnpc7019.fnal.gov   AuthenticAMD  4599.40  711_1010  1481.960   838.136     -1    16825    16927  -1.0000  -1.0000  -1.0000  -1.0000
    24497122 fnpc9038.fnal.gov   GenuineIntel  4799.34  711_1010  1480.590   817.099     -1     9161     9185  -1.0000  -1.0000  -1.0000  -1.0000
    24497122 fnpc17104.fnal.gov  GenuineIntel  4605.62  711_1010  1479.820   829.510     -1     9147     9182  -1.0000  -1.0000  -1.0000  -1.0000
    24497122 fnpc17155.fnal.gov  GenuineIntel  4605.44  711_1010  1476.150   836.596     -1     9431     9496  -1.0000  -1.0000  -1.0000  -1.0000
    24497122 fnpc17104.fnal.gov  GenuineIntel  4605.62  711_1010  1478.370   827.609     -1     9107     9141  -1.0000  -1.0000  -1.0000  -1.0000
    24497122 fnpc17130.fnal.gov  GenuineIntel  4605.23  711_1010  1479.220   813.920     -1     8983     9022  -1.0000  -1.0000  -1.0000  -1.0000
    24497122 fnpc9108.fnal.gov   GenuineIntel  4799.73  711_1010  1479.300   833.647     -1     9809     9831  -1.0000  -1.0000  -1.0000  -1.0000
    24497122 fnpc17123.fnal.gov  GenuineIntel  4605.25  711_1010  1480.590   831.263     -1     9136     9171  -1.0000  -1.0000  -1.0000  -1.0000
    24497122 fnpc4537.fnal.gov   AuthenticAMD  4001.80  711_1010  1479.280   840.004     -1    14943    15081  -1.0000  -1.0000  -1.0000  -1.0000
    24497122 fnpc7003.fnal.gov   AuthenticAMD  4599.81  711_1010  1482.520   840.880     -1    17088    17356  -1.0000  -1.0000  -1.0000  -1.0000
    24497122 fnpc9038.fnal.gov   GenuineIntel  4799.34  711_1010  1482.480   814.531     -1     9007     9025  -1.0000  -1.0000  -1.0000  -1.0000
    24497122 fnpc9074.fnal.gov   GenuineIntel  4800.12  711_1010  1479.520   833.839     -1     9320     9343  -1.0000  -1.0000  -1.0000  -1.0000
    24497122 fnpc17126.fnal.gov  GenuineIntel  4605.58  711_1010  1495.020   844.988     -1     7734     7804  -1.0000  -1.0000  -1.0000  -1.0000
    24497122 fnpc9009.fnal.gov   GenuineIntel  4799.71  711_1010  1480.430   832.483     -1     9048     9072  -1.0000  -1.0000  -1.0000  -1.0000
    24497122 fnpc8013.fnal.gov   GenuineIntel  4605.39  711_1010  1479.590   830.743     -1    10279    10322  -1.0000  -1.0000  -1.0000  -1.0000
    24497122 fnpc9048.fnal.gov   GenuineIntel  4799.71  711_1010  1481.850   838.078     -1     8898     8938  -1.0000  -1.0000  -1.0000  -1.0000
    24497122 fnpc17151.fnal.gov  GenuineIntel  4604.97  711_1010  1476.760   832.901     -1     8459     8536  -1.0000  -1.0000  -1.0000  -1.0000
    24497122 fnpc9019.fnal.gov   GenuineIntel  4800.08  711_1010  1479.270   830.325     -1     9538     9572  -1.0000  -1.0000  -1.0000  -1.0000
    24497122 fnpc6024.fnal.gov   AuthenticAMD  4601.08  711_1010  1484.400   842.875     -1    17661    17795  -1.0000  -1.0000  -1.0000  -1.0000
    24497122 fnpc17129.fnal.gov  GenuineIntel  4605.03  711_1010  1482.890   829.702     -1     9692     9754  -1.0000  -1.0000  -1.0000  -1.0000
    24497122 fnpc9076.fnal.gov   GenuineIntel  4799.73  711_1010  1477.690   831.803     -1     9716     9745  -1.0000  -1.0000  -1.0000  -1.0000
    24497122 fnpc17146.fnal.gov  GenuineIntel  4605.53  711_1010  1484.620   840.024     -1     9086     9124  -1.0000  -1.0000  -1.0000  -1.0000
    24497122 fnpc9015.fnal.gov   GenuineIntel  4800.07  711_1010  1481.140   826.626     -1     8727     8750  -1.0000  -1.0000  -1.0000  -1.0000
    24497122 fnpc9005.fnal.gov   GenuineIntel  4799.73  711_1010  1479.620   832.950     -1     9744     9797  -1.0000  -1.0000  -1.0000  -1.0000
    24497122 fnpc8001.fnal.gov   GenuineIntel  4611.73  711_1010  1479.770   834.363     -1    11772    11871  -1.0000  -1.0000  -1.0000  -1.0000
    24497122 fnpc17132.fnal.gov  GenuineIntel  4605.40  711_1010  1478.770   811.950     -1     9151     9190  -1.0000  -1.0000  -1.0000  -1.0000
    24497122 fnpc9073.fnal.gov   GenuineIntel  4799.72  711_1010  1481.610   835.039     -1     8750     8776  -1.0000  -1.0000  -1.0000  -1.0000
    24497122 fnpc17146.fnal.gov  GenuineIntel  4605.53  711_1010  1479.270   832.246     -1     9035     9072  -1.0000  -1.0000  -1.0000  -1.0000
    24497122 fnpc9005.fnal.gov   GenuineIntel  4799.73  711_1010  1477.750   834.691     -1     9646     9702  -1.0000  -1.0000  -1.0000  -1.0000
    24497122 fnpc8001.fnal.gov   GenuineIntel  4611.73  711_1010  1480.780   836.194     -1    12472    12619  -1.0000  -1.0000  -1.0000  -1.0000
    24497122 fnpc17132.fnal.gov  GenuineIntel  4605.40  711_1010  1480.330   807.231     -1     9096     9135  -1.0000  -1.0000  -1.0000  -1.0000
    24497122 fnpc17130.fnal.gov  GenuineIntel  4605.23  711_1010  1488.170   837.222     -1     8819     8858  -1.0000  -1.0000  -1.0000  -1.0000
    24497122 fnpc9018.fnal.gov   GenuineIntel  4799.34  711_1010  1481.490   836.235     -1     9527     9569  -1.0000  -1.0000  -1.0000  -1.0000
    24497122 fnpc9036.fnal.gov   GenuineIntel  4799.74  711_1010  1480.020   836.579     -1     9227     9257  -1.0000  -1.0000  -1.0000  -1.0000
    24497122 fnpc9079.fnal.gov   GenuineIntel  4799.33  711_1010  1485.380   831.582     -1     9183     9215  -1.0000  -1.0000  -1.0000  -1.0000
    24497122 fnpc8023.fnal.gov   GenuineIntel  4605.71  711_1010  1484.810   839.078     -1    11051    11075  -1.0000  -1.0000  -1.0000  -1.0000
    24497122 fnpc7202.fnal.gov   GenuineIntel  4605.83  711_1010  1482.490   838.963     -1    10827    10858  -1.0000  -1.0000  -1.0000  -1.0000
    24497122 fnpc9033.fnal.gov   GenuineIntel  4799.30  711_1010  1478.380   833.536     -1     9177     9217  -1.0000  -1.0000  -1.0000  -1.0000
    24497122 fnpc17119.fnal.gov  GenuineIntel  4605.18  711_1010  1481.110   838.767     -1     7721     7774  -1.0000  -1.0000  -1.0000  -1.0000
    24497122 fnpc9011.fnal.gov   GenuineIntel  4799.73  711_1010  1486.450   838.689     -1    10116    10187  -1.0000  -1.0000  -1.0000  -1.0000
    24497122 fnpc17107.fnal.gov  GenuineIntel  4605.07  711_1010  1482.510   825.623     -1     8996     9040  -1.0000  -1.0000  -1.0000  -1.0000
    24497122 fnpc8027.fnal.gov   GenuineIntel  4611.69  711_1010  1479.490   833.135     -1    10827    10873  -1.0000  -1.0000  -1.0000  -1.0000
    24497122 fnpc17115.fnal.gov  GenuineIntel  4605.35  711_1010  1481.520   836.080     -1     9037     9093  -1.0000  -1.0000  -1.0000  -1.0000
    24497122 fnpc9106.fnal.gov   GenuineIntel  4799.31  711_1010  1477.560   807.502     -1     9838     9854  -1.0000  -1.0000  -1.0000  -1.0000
    24497122 fnpc9052.fnal.gov   GenuineIntel  4800.11  711_1010  1480.920   834.720     -1     8670     8688  -1.0000  -1.0000  -1.0000  -1.0000
    24497122 fnpc9061.fnal.gov   GenuineIntel  4799.33  711_1010  1478.750   835.875     -1     9506     9575  -1.0000  -1.0000  -1.0000  -1.0000
    24497122 fnpc17137.fnal.gov  GenuineIntel  4605.23  711_1010  1477.780   833.688     -1     9333     9383  -1.0000  -1.0000  -1.0000  -1.0000
    24497122 fnpc9023.fnal.gov   GenuineIntel  4799.71  711_1010  1479.120   835.543     -1     8216     8308  -1.0000  -1.0000  -1.0000  -1.0000
    24497122 fnpc7028.fnal.gov   AuthenticAMD  4599.40  711_1010  1489.410   845.152     -1    17492    17772  -1.0000  -1.0000  -1.0000  -1.0000
    24497122 fnpc7004.fnal.gov   AuthenticAMD  4600.49  711_1010  1491.130   848.818     -1    17472    17589  -1.0000  -1.0000  -1.0000  -1.0000
    24497122 fnpc17132.fnal.gov  GenuineIntel  4605.40  711_1010  1478.340   834.994     -1     9114     9160  -1.0000  -1.0000  -1.0000  -1.0000
    24497122 fnpc7202.fnal.gov   GenuineIntel  4605.83  711_1010  1482.240   839.676     -1    10351    10387  -1.0000  -1.0000  -1.0000  -1.0000
    24497122 fnpc9023.fnal.gov   GenuineIntel  4799.71  711_1010  1480.150   834.691     -1     8299     8394  -1.0000  -1.0000  -1.0000  -1.0000
    24497122 fnpc17137.fnal.gov  GenuineIntel  4605.23  711_1010  1480.170   835.564     -1     9378     9467  -1.0000  -1.0000  -1.0000  -1.0000
    24497122 fnpc9023.fnal.gov   GenuineIntel  4799.71  711_1010  1478.500   833.790     -1     8266     8372  -1.0000  -1.0000  -1.0000  -1.0000
    24497122 fnpc17115.fnal.gov  GenuineIntel  4605.35  711_1010  1480.210   835.924     -1     8944     9000  -1.0000  -1.0000  -1.0000  -1.0000
    24497122 fnpc17137.fnal.gov  GenuineIntel  4605.23  711_1010  1478.560   829.735     -1     9458     9523  -1.0000  -1.0000  -1.0000  -1.0000
    24497122 fnpc5036.fnal.gov   AuthenticAMD  4600.08  711_1010  1479.610   840.810     -1    13106    13157  -1.0000  -1.0000  -1.0000  -1.0000
    24497122 fnpc9077.fnal.gov   GenuineIntel  4799.35  711_1010  1478.750   839.696     -1     9227     9257  -1.0000  -1.0000  -1.0000  -1.0000
    24497122 fnpc9038.fnal.gov   GenuineIntel  4799.34  711_1010  1476.170   831.705     -1     9114     9129  -1.0000  -1.0000  -1.0000  -1.0000
    24497122 fnpc9051.fnal.gov   GenuineIntel  4799.36  711_1010  1479.950   831.734     -1     9035     9063  -1.0000  -1.0000  -1.0000  -1.0000
    24497122 fnpc9020.fnal.gov   GenuineIntel  4800.47  711_1010  1480.750   833.786     -1     9168     9194  -1.0000  -1.0000  -1.0000  -1.0000
    24497122 fnpc17148.fnal.gov  GenuineIntel  4604.65  711_1010  1478.120   834.716     -1     8465     8502  -1.0000  -1.0000  -1.0000  -1.0000
    24497122 fnpc7009.fnal.gov   AuthenticAMD  4599.46  711_1010  1486.290   834.605     -1    14835    15072  -1.0000  -1.0000  -1.0000  -1.0000
    24497122 fnpc17142.fnal.gov  GenuineIntel  4605.34  711_1010  1479.500   835.203     -1     8757     8803  -1.0000  -1.0000  -1.0000  -1.0000
    24497122 fnpc9064.fnal.gov   GenuineIntel  4799.34  711_1010  1478.500   834.179     -1    10103    10159  -1.0000  -1.0000  -1.0000  -1.0000
    24497122 fnpc8005.fnal.gov   GenuineIntel  4606.32  711_1010  1477.690   832.135     -1    12149    12226  -1.0000  -1.0000  -1.0000  -1.0000
    24497122 fnpc5029.fnal.gov   AuthenticAMD  4600.07  711_1010  1484.880   845.652     -1    12794    12849  -1.0000  -1.0000  -1.0000  -1.0000
    24497122 fnpc9008.fnal.gov   GenuineIntel  4799.32  711_1010  1486.040   831.074     -1     9681     9717  -1.0000  -1.0000  -1.0000  -1.0000
    24497122 fnpc8022.fnal.gov   GenuineIntel  4605.11  711_1010  1478.600   834.769     -1    10237    10257  -1.0000  -1.0000  -1.0000  -1.0000
    24497122 fnpc9106.fnal.gov   GenuineIntel  4799.31  711_1010  1480.020   837.014     -1     9594     9611  -1.0000  -1.0000  -1.0000  -1.0000
