jobid/I:node_name/C:cpu_id/C:bogomips/F:dsid/C:vmpeak/F:vmhwm/F:tstage/I:totcpu/I:totwall/I:tfull/F:tistn/F:tkffpar/F:tkffdar/F
    24534991 fnpc4535.fnal.gov   AuthenticAMD  4000.20  711_1010  1926.490   847.061     -1     9882    10145  -1.0000  -1.0000  -1.0000  -1.0000
    24534991 fnpc4571.fnal.gov   AuthenticAMD  4000.07  711_1010  1926.630   848.818     -1     9599     9852  -1.0000  -1.0000  -1.0000  -1.0000
    24534991 fnpc9009.fnal.gov   GenuineIntel  4799.71  711_1010  1908.150   843.784     -1     5106     5674  -1.0000  -1.0000  -1.0000  -1.0000
    24534991 fnpc17114.fnal.gov  GenuineIntel  4605.33  711_1010  1908.050   842.957     -1     3760     4106  -1.0000  -1.0000  -1.0000  -1.0000
    24534991 fnpc17139.fnal.gov  GenuineIntel  4605.34  711_1010  1912.380   847.512     -1     5380     5575  -1.0000  -1.0000  -1.0000  -1.0000
    24534991 fnpc9006.fnal.gov   GenuineIntel  4799.73  711_1010  1915.850   846.762     -1     4210     4609  -1.0000  -1.0000  -1.0000  -1.0000
    24534991 fnpc7012.fnal.gov   AuthenticAMD  4599.39  711_1010  1930.790   849.936     -1     9816    10008  -1.0000  -1.0000  -1.0000  -1.0000
    24534991 fnpc9057.fnal.gov   GenuineIntel  4799.72  711_1010  1913.250   849.572     -1     6535     6621  -1.0000  -1.0000  -1.0000  -1.0000
    24534991 fnpc6024.fnal.gov   AuthenticAMD  4601.08  711_1010  1926.540   847.454     -1     9608     9785  -1.0000  -1.0000  -1.0000  -1.0000
    24534991 fnpc9017.fnal.gov   GenuineIntel  4799.35  711_1010  1912.750   841.527     -1     4154     4309  -1.0000  -1.0000  -1.0000  -1.0000
