jobid/I:node_name/C:cpu_id/C:bogomips/F:dsid/C:vmpeak/F:vmhwm/F:tstage/I:totcpu/I:totwall/I:tfull/F:tistn/F:tkffpar/F:tkffdar/F
     7609644 fnpc5020.fnal.gov   AuthenticAMD  4600.08  760_2100  1388.510   694.006     -1     3087     3206  -1.0000  -1.0000  -1.0000  -1.0000
     7609644 fnpc8014.fnal.gov   GenuineIntel  4605.44  760_2100  1388.940   698.487     -1     1976     2124  -1.0000  -1.0000  -1.0000  -1.0000
     7609644 fnpc9020.fnal.gov   GenuineIntel  4800.49  760_2100  1388.210   697.930     -1     1445     1756  -1.0000  -1.0000  -1.0000  -1.0000
     7609644 fnpc8005.fnal.gov   GenuineIntel  4605.78  760_2100  1388.880   696.844     -1     1887     2047  -1.0000  -1.0000  -1.0000  -1.0000
     7609644 fnpc19113.fnal.gov  AuthenticAMD  4999.90  760_2100  1388.360   697.102     -1     1437     1489  -1.0000  -1.0000  -1.0000  -1.0000
     7609644 fnpc9109.fnal.gov   GenuineIntel  4799.31  760_2100  1388.940   698.696     -1     1679     1727  -1.0000  -1.0000  -1.0000  -1.0000
     7609644 fnpc9031.fnal.gov   GenuineIntel  4799.31  760_2100  1389.310   698.716     -1     1322     1552  -1.0000  -1.0000  -1.0000  -1.0000
     7609644 fnpc9051.fnal.gov   GenuineIntel  4799.34  760_2100  1388.840   697.647     -1     1344     1459  -1.0000  -1.0000  -1.0000  -1.0000
     7609644 fnpc8003.fnal.gov   GenuineIntel  4607.93  760_2100  1389.240   697.926     -1     1546     2029  -1.0000  -1.0000  -1.0000  -1.0000
     7609644 fnpc9032.fnal.gov   GenuineIntel  4799.71  760_2100  1389.990   699.367     -1     1466     1619  -1.0000  -1.0000  -1.0000  -1.0000
     7609644 fnpc9107.fnal.gov   GenuineIntel  4799.33  760_2100  1388.680   698.114     -1     1616     1668  -1.0000  -1.0000  -1.0000  -1.0000
     7609644 fnpc9057.fnal.gov   GenuineIntel  4799.71  760_2100  1388.820   698.741     -1     1282     1458  -1.0000  -1.0000  -1.0000  -1.0000
     7609644 fnpc9105.fnal.gov   GenuineIntel  4799.30  760_2100  1389.110   671.486     -1     1506     1637  -1.0000  -1.0000  -1.0000  -1.0000
     7609644 fnpc8011.fnal.gov   GenuineIntel  4611.73  760_2100  1389.580   696.988     -1     1853     2119  -1.0000  -1.0000  -1.0000  -1.0000
     7609644 fnpc9045.fnal.gov   GenuineIntel  4800.49  760_2100  1388.470   697.217     -1     1307     1512  -1.0000  -1.0000  -1.0000  -1.0000
     7609644 fnpc17135.fnal.gov  GenuineIntel  4605.75  760_2100  1388.820   698.573     -1     1715     1776  -1.0000  -1.0000  -1.0000  -1.0000
     7609644 fnpc9060.fnal.gov   GenuineIntel  4799.31  760_2100  1388.350   697.242     -1     1613     1734  -1.0000  -1.0000  -1.0000  -1.0000
     7609644 fnpc5020.fnal.gov   AuthenticAMD  4600.08  760_2100  1389.100   694.268     -1     3072     3193  -1.0000  -1.0000  -1.0000  -1.0000
     7609644 fnpc17136.fnal.gov  GenuineIntel  4605.56  760_2100  1388.720   697.987     -1     1385     1654  -1.0000  -1.0000  -1.0000  -1.0000
     7609644 fnpc7203.fnal.gov   GenuineIntel  4605.77  760_2100  1380.320   676.729     -1      767      781  -1.0000  -1.0000  -1.0000  -1.0000
