jobid/I:node_name/C:cpu_id/C:bogomips/F:dsid/C:vmpeak/F:vmhwm/F:tstage/I:totcpu/I:totwall/I:tfull/F:tistn/F:tkffpar/F:tkffdar/F
    31925572 fnpc8020.fnal.gov   GenuineIntel  4605.52  760_3200  2749.750  1963.680     -1    17686    17969  -1.0000  -1.0000  -1.0000  -1.0000
    31925572 fnpc7201.fnal.gov   GenuineIntel  4611.66  760_3200  2747.850  1906.200     -1    15608    15937  -1.0000  -1.0000  -1.0000  -1.0000
    31925572 fnpc8204.fnal.gov   GenuineIntel  4607.11  760_3200  2747.240  1947.450     -1    14789    15017  -1.0000  -1.0000  -1.0000  -1.0000
    31925572 fnpc8206.fnal.gov   GenuineIntel  4605.60  760_3200  2749.500  1950.310     -1    15072    15203  -1.0000  -1.0000  -1.0000  -1.0000
    31925572 fnpc17124.fnal.gov  GenuineIntel  4605.53  760_3200  2747.800  1944.620     -1    11569    13333  -1.0000  -1.0000  -1.0000  -1.0000
    31925572 fnpc7307.fnal.gov   GenuineIntel  4605.93  760_3200  2749.260  1888.770     -1    14591    14789  -1.0000  -1.0000  -1.0000  -1.0000
    31925572 fnpc7310.fnal.gov   GenuineIntel  4616.85  760_3200  2748.690  1902.720     -1    15699    16127  -1.0000  -1.0000  -1.0000  -1.0000
    31925572 fnpc17132.fnal.gov  GenuineIntel  4605.25  760_3200  2749.850  1912.370     -1    15478    15671  -1.0000  -1.0000  -1.0000  -1.0000
    31925572 fnpc17142.fnal.gov  GenuineIntel  4605.25  760_3200  2748.480  1907.890     -1    13687    14688  -1.0000  -1.0000  -1.0000  -1.0000
    31925572 fnpc9003.fnal.gov   GenuineIntel  4800.07  760_3200  2750.590  1898.970     -1    13978    14607  -1.0000  -1.0000  -1.0000  -1.0000
    31925572 fnpc7307.fnal.gov   GenuineIntel  4605.93  760_3200  2748.400  1882.790     -1    14649    14857  -1.0000  -1.0000  -1.0000  -1.0000
    31925572 fnpc7301.fnal.gov   GenuineIntel  4618.77  760_3200  2747.310  1905.940     -1    14662    14954  -1.0000  -1.0000  -1.0000  -1.0000
    31925572 fnpc7303.fnal.gov   GenuineIntel  4605.49  760_3200  2749.330  1892.900     -1    14979    15227  -1.0000  -1.0000  -1.0000  -1.0000
    31925572 fnpc17123.fnal.gov  GenuineIntel  4605.36  760_3200  2749.680  1907.780     -1    11626    13017  -1.0000  -1.0000  -1.0000  -1.0000
    31925572 fnpc8010.fnal.gov   GenuineIntel  4605.93  760_3200  2747.920  1961.740     -1    14770    15366  -1.0000  -1.0000  -1.0000  -1.0000
    31925572 fnpc17152.fnal.gov  GenuineIntel  4605.55  760_3200  2752.340  1941.560     -1    12082    13502  -1.0000  -1.0000  -1.0000  -1.0000
    31925572 fnpc8012.fnal.gov   GenuineIntel  4612.36  760_3200  2750.340  1898.160     -1    18733    18926  -1.0000  -1.0000  -1.0000  -1.0000
    31925572 fnpc17106.fnal.gov  GenuineIntel  4605.36  760_3200  2749.510  1950.430     -1    11095    14462  -1.0000  -1.0000  -1.0000  -1.0000
    31925572 fnpc17160.fnal.gov  GenuineIntel  4605.53  760_3200  2747.570  1907.550     -1    11394    13352  -1.0000  -1.0000  -1.0000  -1.0000
    31925572 fnpc5020.fnal.gov   AuthenticAMD  4600.08  760_3200  2748.260  1945.690     -1    28828    29167  -1.0000  -1.0000  -1.0000  -1.0000
    31925572 fnpc8009.fnal.gov   GenuineIntel  4605.37  760_3200  2749.830  1911.550     -1    16934    17211  -1.0000  -1.0000  -1.0000  -1.0000
    31925572 fnpc17112.fnal.gov  GenuineIntel  4605.65  760_3200  2747.210  1946.410     -1    15856    16348  -1.0000  -1.0000  -1.0000  -1.0000
    31925572 fnpc9062.fnal.gov   GenuineIntel  4799.71  760_3200  2748.230  1967.700     -1    12882    13959  -1.0000  -1.0000  -1.0000  -1.0000
    31925572 fnpc6025.fnal.gov   AuthenticAMD  4599.40  760_3200  2749.140  1936.610     -1    29599    30308  -1.0000  -1.0000  -1.0000  -1.0000
    31925572 fnpc17117.fnal.gov  GenuineIntel  4605.30  760_3200  2746.290  1894.700     -1    17544    18428  -1.0000  -1.0000  -1.0000  -1.0000
    31925572 fnpc17137.fnal.gov  GenuineIntel  4605.37  760_3200  2748.550  1962.680     -1    12201    14326  -1.0000  -1.0000  -1.0000  -1.0000
    31925572 fnpc9019.fnal.gov   GenuineIntel  4799.34  760_3200  2750.150  1907.340     -1    13322    13772  -1.0000  -1.0000  -1.0000  -1.0000
    31925572 fnpc9018.fnal.gov   GenuineIntel  4799.44  760_3200  2752.770  1950.270     -1    14137    14458  -1.0000  -1.0000  -1.0000  -1.0000
    31925572 fnpc9026.fnal.gov   GenuineIntel  4799.33  760_3200  2750.350  1913.310     -1    12104    12314  -1.0000  -1.0000  -1.0000  -1.0000
    31925572 fnpc17107.fnal.gov  GenuineIntel  4605.60  760_3200  2747.870  1930.340     -1    13581    13831  -1.0000  -1.0000  -1.0000  -1.0000
    31925572 fnpc17101.fnal.gov  GenuineIntel  4605.59  760_3200  2748.960  1942.800     -1    12158    12904  -1.0000  -1.0000  -1.0000  -1.0000
    31925572 fnpc6028.fnal.gov   AuthenticAMD  4599.39  760_3200  2750.190  1905.710     -1    32170    32548  -1.0000  -1.0000  -1.0000  -1.0000
    31925572 fnpc9027.fnal.gov   GenuineIntel  4799.72  760_3200  2749.210  1896.830     -1    12727    12895  -1.0000  -1.0000  -1.0000  -1.0000
    31925572 fnpc9024.fnal.gov   GenuineIntel  4800.48  760_3200  2750.050  1942.840     -1    11727    12371  -1.0000  -1.0000  -1.0000  -1.0000
    31925572 fnpc17149.fnal.gov  GenuineIntel  4605.33  760_3200  2748.660  1906.320     -1    12165    12282  -1.0000  -1.0000  -1.0000  -1.0000
    31925572 fnpc17108.fnal.gov  GenuineIntel  4605.28  760_3200  2749.510  1948.090     -1    11846    12072  -1.0000  -1.0000  -1.0000  -1.0000
    31925572 fnpc6002.fnal.gov   AuthenticAMD  4599.41  760_3200  2747.390  1958.810     -1    25444    25661  -1.0000  -1.0000  -1.0000  -1.0000
    31925572 fnpc9102.fnal.gov   GenuineIntel  4799.30  760_3200  2748.420  1964.040     -1    11682    11755  -1.0000  -1.0000  -1.0000  -1.0000
    31925572 fnpc19107.fnal.gov  AuthenticAMD  4999.99  760_3200  2747.600  1910.990     -1    11041    11147  -1.0000  -1.0000  -1.0000  -1.0000
    31925572 fnpc19135.fnal.gov  AuthenticAMD  4999.99  760_3200  2747.890  1896.840     -1    13491    13846  -1.0000  -1.0000  -1.0000  -1.0000
    31925572 fnpc19137.fnal.gov  AuthenticAMD  4999.92  760_3200  2748.040  1961.630     -1    12037    12134  -1.0000  -1.0000  -1.0000  -1.0000
    31925572 fnpc19123.fnal.gov  AuthenticAMD  4999.91  760_3200  2750.060  1912.680     -1    10764    10870  -1.0000  -1.0000  -1.0000  -1.0000
    31925572 fnpc7310.fnal.gov   GenuineIntel  4616.85  760_3200  2746.950  1886.380     -1    15620    16069  -1.0000  -1.0000  -1.0000  -1.0000
    31925572 fnpc9026.fnal.gov   GenuineIntel  4799.33  760_3200  2746.640  1908.610     -1    12403    12625  -1.0000  -1.0000  -1.0000  -1.0000
    31925572 fnpc5020.fnal.gov   AuthenticAMD  4600.08  760_3200  2748.150  1952.060     -1    27883    28458  -1.0000  -1.0000  -1.0000  -1.0000
    31925572 fnpc8009.fnal.gov   GenuineIntel  4605.37  760_3200  2752.060  1913.750     -1    17194    17574  -1.0000  -1.0000  -1.0000  -1.0000
    31925572 fnpc17107.fnal.gov  GenuineIntel  4605.60  760_3200  2747.880  1896.560     -1    13677    13883  -1.0000  -1.0000  -1.0000  -1.0000
    31925572 fnpc17101.fnal.gov  GenuineIntel  4605.59  760_3200  2748.920  1951.680     -1    12407    13145  -1.0000  -1.0000  -1.0000  -1.0000
    31925572 fnpc9027.fnal.gov   GenuineIntel  4799.72  760_3200  2749.410  1912.140     -1    12226    12425  -1.0000  -1.0000  -1.0000  -1.0000
    31925572 fnpc9024.fnal.gov   GenuineIntel  4800.48  760_3200  2749.830  1966.310     -1    11634    12209  -1.0000  -1.0000  -1.0000  -1.0000
    31925572 fnpc9003.fnal.gov   GenuineIntel  4800.07  760_3200  2747.820  1895.500     -1    13822    14315  -1.0000  -1.0000  -1.0000  -1.0000
    31925572 fnpc17137.fnal.gov  GenuineIntel  4605.37  760_3200  2748.400  1965.480     -1    12148    14087  -1.0000  -1.0000  -1.0000  -1.0000
    31925572 fnpc9018.fnal.gov   GenuineIntel  4799.44  760_3200  2748.320  1947.590     -1    14434    14569  -1.0000  -1.0000  -1.0000  -1.0000
    31925572 fnpc6028.fnal.gov   AuthenticAMD  4599.39  760_3200  2750.930  1933.800     -1    30291    30811  -1.0000  -1.0000  -1.0000  -1.0000
    31925572 fnpc17149.fnal.gov  GenuineIntel  4605.33  760_3200  2749.920  1897.840     -1    11994    12194  -1.0000  -1.0000  -1.0000  -1.0000
    31925572 fnpc17108.fnal.gov  GenuineIntel  4605.28  760_3200  2749.960  1948.390     -1    11883    12081  -1.0000  -1.0000  -1.0000  -1.0000
    31925572 fnpc6002.fnal.gov   AuthenticAMD  4599.41  760_3200  2746.910  1953.730     -1    27022    27375  -1.0000  -1.0000  -1.0000  -1.0000
    31925572 fnpc19107.fnal.gov  AuthenticAMD  4999.99  760_3200  2750.370  1909.340     -1    13412    13595  -1.0000  -1.0000  -1.0000  -1.0000
    31925572 fnpc19137.fnal.gov  AuthenticAMD  4999.92  760_3200  2751.420  1969.590     -1    12036    12125  -1.0000  -1.0000  -1.0000  -1.0000
    31925572 fnpc17117.fnal.gov  GenuineIntel  4605.30  760_3200  2747.350  1910.850     -1    17369    18202  -1.0000  -1.0000  -1.0000  -1.0000
    31925572 fnpc9019.fnal.gov   GenuineIntel  4799.34  760_3200  2750.210  1910.700     -1    12450    12777  -1.0000  -1.0000  -1.0000  -1.0000
    31925572 fnpc9027.fnal.gov   GenuineIntel  4799.72  760_3200  2753.330  1913.570     -1    12726    13075  -1.0000  -1.0000  -1.0000  -1.0000
    31925572 fnpc9018.fnal.gov   GenuineIntel  4799.44  760_3200  2751.500  1966.730     -1    14136    14306  -1.0000  -1.0000  -1.0000  -1.0000
    31925572 fnpc6028.fnal.gov   AuthenticAMD  4599.39  760_3200  2748.640  1927.970     -1    29155    29506  -1.0000  -1.0000  -1.0000  -1.0000
    31925572 fnpc9027.fnal.gov   GenuineIntel  4799.72  760_3200  2750.440  1910.270     -1    12690    12995  -1.0000  -1.0000  -1.0000  -1.0000
    31925572 fnpc19107.fnal.gov  AuthenticAMD  4999.99  760_3200  2750.550  1895.360     -1    13406    13527  -1.0000  -1.0000  -1.0000  -1.0000
    31925572 fnpc19137.fnal.gov  AuthenticAMD  4999.92  760_3200  2748.510  1962.370     -1    12125    12237  -1.0000  -1.0000  -1.0000  -1.0000
    31925572 fnpc17124.fnal.gov  GenuineIntel  4605.53  760_3200  2748.510  1945.070     -1    11321    13256  -1.0000  -1.0000  -1.0000  -1.0000
    31925572 fnpc9018.fnal.gov   GenuineIntel  4799.44  760_3200  2748.410  1960.500     -1    14511    14629  -1.0000  -1.0000  -1.0000  -1.0000
    31925572 fnpc9062.fnal.gov   GenuineIntel  4799.71  760_3200  2748.570  1972.970     -1    12387    13215  -1.0000  -1.0000  -1.0000  -1.0000
    31925572 fnpc6028.fnal.gov   AuthenticAMD  4599.39  760_3200  2749.910  1929.120     -1    31396    31857  -1.0000  -1.0000  -1.0000  -1.0000
    31925572 fnpc19137.fnal.gov  AuthenticAMD  4999.92  760_3200  2748.960  1965.280     -1    12067    12366  -1.0000  -1.0000  -1.0000  -1.0000
    31925572 fnpc17106.fnal.gov  GenuineIntel  4605.36  760_3200  2748.100  1964.360     -1    11097    14454  -1.0000  -1.0000  -1.0000  -1.0000
    31925572 fnpc19137.fnal.gov  AuthenticAMD  4999.92  760_3200  2750.170  1938.270     -1    12111    12225  -1.0000  -1.0000  -1.0000  -1.0000
    31925572 fnpc17106.fnal.gov  GenuineIntel  4605.36  760_3200  2749.040  1949.990     -1    11267    14637  -1.0000  -1.0000  -1.0000  -1.0000
    31925572 fnpc9062.fnal.gov   GenuineIntel  4799.71  760_3200  2749.630  1974.960     -1    12438    13483  -1.0000  -1.0000  -1.0000  -1.0000
    31925572 fnpc17106.fnal.gov  GenuineIntel  4605.36  760_3200  2749.810  1966.820     -1    11081    14477  -1.0000  -1.0000  -1.0000  -1.0000
    31925572 fnpc17160.fnal.gov  GenuineIntel  4605.53  760_3200  2747.580  1891.650     -1    11376    13338  -1.0000  -1.0000  -1.0000  -1.0000
    31925572 fnpc17160.fnal.gov  GenuineIntel  4605.53  760_3200  2749.080  1893.770     -1    11317    13209  -1.0000  -1.0000  -1.0000  -1.0000
    31925572 fnpc17160.fnal.gov  GenuineIntel  4605.53  760_3200  2751.560  1911.870     -1    11392    13324  -1.0000  -1.0000  -1.0000  -1.0000
    31925572 fnpc17129.fnal.gov  GenuineIntel  4605.70  760_3200  2748.850  1954.230     -1    13188    15007  -1.0000  -1.0000  -1.0000  -1.0000
    31925572 fnpc7204.fnal.gov   GenuineIntel  4605.72  760_3200  2337.280  1655.480     -1      271     9848  -1.0000  -1.0000  -1.0000  -1.0000
    31925572 fnpc7201.fnal.gov   GenuineIntel  4611.66  760_3200  2747.030  1901.210     -1    15870    15999  -1.0000  -1.0000  -1.0000  -1.0000
    31925572 fnpc7206.fnal.gov   GenuineIntel  4605.30  760_3200  2748.710  1961.990     -1    16225    16419  -1.0000  -1.0000  -1.0000  -1.0000
    31925572 fnpc7210.fnal.gov   GenuineIntel  4605.46  760_3200  2748.330  1949.080     -1    18243    18428  -1.0000  -1.0000  -1.0000  -1.0000
    31925572 fnpc17146.fnal.gov  GenuineIntel  4605.31  760_3200  2751.630  1944.480     -1    11405    13720  -1.0000  -1.0000  -1.0000  -1.0000
    31925572 fnpc8006.fnal.gov   GenuineIntel  4606.37  760_3200  2750.430  1945.910     -1    19655    19840  -1.0000  -1.0000  -1.0000  -1.0000
    31925572 fnpc8203.fnal.gov   GenuineIntel  4612.00  760_3200  2750.520  1898.900     -1    14497    14606  -1.0000  -1.0000  -1.0000  -1.0000
    31925572 fnpc8207.fnal.gov   GenuineIntel  4607.01  760_3200  2749.550  1963.070     -1    14723    15081  -1.0000  -1.0000  -1.0000  -1.0000
    31925572 fnpc7306.fnal.gov   GenuineIntel  4618.09  760_3200  2748.450  1912.320     -1    15156    15281  -1.0000  -1.0000  -1.0000  -1.0000
    31925572 fnpc7302.fnal.gov   GenuineIntel  4616.36  760_3200  2748.500  1946.140     -1    14631    15018  -1.0000  -1.0000  -1.0000  -1.0000
    31925572 fnpc8027.fnal.gov   GenuineIntel  4605.61  760_3200  2749.280  1950.700     -1    18467    18716  -1.0000  -1.0000  -1.0000  -1.0000
    31925572 fnpc8201.fnal.gov   GenuineIntel  4611.97  760_3200  2751.120  1909.580     -1    15298    15733  -1.0000  -1.0000  -1.0000  -1.0000
    31925572 fnpc17125.fnal.gov  GenuineIntel  4605.37  760_3200  2750.710  1961.180     -1    15779    18639  -1.0000  -1.0000  -1.0000  -1.0000
    31925572 fnpc9006.fnal.gov   GenuineIntel  4799.72  760_3200  2748.540  1973.300     -1    11617    14401  -1.0000  -1.0000  -1.0000  -1.0000
    31925572 fnpc17153.fnal.gov  GenuineIntel  4605.33  760_3200  2747.500  1941.450     -1    11579    12543  -1.0000  -1.0000  -1.0000  -1.0000
    31925572 fnpc17159.fnal.gov  GenuineIntel  4605.44  760_3200  2750.350  1914.670     -1    16651    16943  -1.0000  -1.0000  -1.0000  -1.0000
    31925572 fnpc17148.fnal.gov  GenuineIntel  4606.12  760_3200  2750.610  1913.550     -1    16322    17173  -1.0000  -1.0000  -1.0000  -1.0000
    31925572 fnpc8028.fnal.gov   GenuineIntel  4606.28  760_3200  2748.910  1948.090     -1    19678    19981  -1.0000  -1.0000  -1.0000  -1.0000
    31925572 fnpc9110.fnal.gov   GenuineIntel  4799.72  760_3200  2749.190  1947.390     -1    14098    14199  -1.0000  -1.0000  -1.0000  -1.0000
    31925572 fnpc9060.fnal.gov   GenuineIntel  4799.31  760_3200  2748.670  1971.690     -1    15146    16311  -1.0000  -1.0000  -1.0000  -1.0000
    31925572 fnpc9074.fnal.gov   GenuineIntel  4799.54  760_3200  2749.450  1962.160     -1    16622    16854  -1.0000  -1.0000  -1.0000  -1.0000
    31925572 fnpc9064.fnal.gov   GenuineIntel  4799.34  760_3200  2751.040  1976.340     -1    14737    15561  -1.0000  -1.0000  -1.0000  -1.0000
    31925572 fnpc17103.fnal.gov  GenuineIntel  4606.39  760_3200  2746.760  1947.550     -1    11215    12715  -1.0000  -1.0000  -1.0000  -1.0000
    31925572 fnpc9108.fnal.gov   GenuineIntel  4799.72  760_3200  2747.880  1960.960     -1    14967    15200  -1.0000  -1.0000  -1.0000  -1.0000
    31925572 fnpc17154.fnal.gov  GenuineIntel  4605.94  760_3200  2750.370  1948.970     -1    11782    13560  -1.0000  -1.0000  -1.0000  -1.0000
    31925572 fnpc9029.fnal.gov   GenuineIntel  4799.29  760_3200  2749.640  1963.590     -1    12389    12821  -1.0000  -1.0000  -1.0000  -1.0000
    31925572 fnpc9063.fnal.gov   GenuineIntel  4799.72  760_3200  2746.160  1935.110     -1    12003    12134  -1.0000  -1.0000  -1.0000  -1.0000
    31925572 fnpc17147.fnal.gov  GenuineIntel  4605.95  760_3200  2751.540  1955.620     -1    11013    11789  -1.0000  -1.0000  -1.0000  -1.0000
    31925572 fnpc7006.fnal.gov   AuthenticAMD  4599.39  760_3200  2747.360  1899.650     -1    29478    31034  -1.0000  -1.0000  -1.0000  -1.0000
    31925572 fnpc9067.fnal.gov   GenuineIntel  4799.70  760_3200  2750.700  1972.380     -1    12200    13351  -1.0000  -1.0000  -1.0000  -1.0000
    31925572 fnpc17107.fnal.gov  GenuineIntel  4605.60  760_3200  2750.230  1946.080     -1    12589    12777  -1.0000  -1.0000  -1.0000  -1.0000
    31925572 fnpc9053.fnal.gov   GenuineIntel  4800.08  760_3200  2750.460  1963.440     -1    11984    12346  -1.0000  -1.0000  -1.0000  -1.0000
    31925572 fnpc6016.fnal.gov   AuthenticAMD  4599.39  760_3200  2748.330  1904.730     -1    27572    27919  -1.0000  -1.0000  -1.0000  -1.0000
    31925572 fnpc7023.fnal.gov   AuthenticAMD  4599.41  760_3200  2750.070  1932.570     -1    29117    29399  -1.0000  -1.0000  -1.0000  -1.0000
    31925572 fnpc6017.fnal.gov   AuthenticAMD  4599.88  760_3200  2745.520  1898.260     -1    29596    30182  -1.0000  -1.0000  -1.0000  -1.0000
    31925572 fnpc9033.fnal.gov   GenuineIntel  4799.72  760_3200  2749.830  1975.260     -1    12644    13395  -1.0000  -1.0000  -1.0000  -1.0000
    31925572 fnpc6024.fnal.gov   AuthenticAMD  4599.37  760_3200  2748.500  1894.920     -1    29570    30257  -1.0000  -1.0000  -1.0000  -1.0000
    31925572 fnpc6018.fnal.gov   AuthenticAMD  4599.38  760_3200  2748.990  1921.330     -1    30359    30957  -1.0000  -1.0000  -1.0000  -1.0000
    31925572 fnpc6013.fnal.gov   AuthenticAMD  4599.41  760_3200  2749.320  1962.300     -1    28949    29520  -1.0000  -1.0000  -1.0000  -1.0000
    31925572 fnpc9052.fnal.gov   GenuineIntel  4799.32  760_3200  2752.180  1960.670     -1    12363    12799  -1.0000  -1.0000  -1.0000  -1.0000
    31925572 fnpc7028.fnal.gov   AuthenticAMD  4599.41  760_3200  2747.260  1963.530     -1    30099    30809  -1.0000  -1.0000  -1.0000  -1.0000
    31925572 fnpc17115.fnal.gov  GenuineIntel  4605.50  760_3200  2747.900  1942.200     -1    13590    13680  -1.0000  -1.0000  -1.0000  -1.0000
    31925572 fnpc7011.fnal.gov   AuthenticAMD  4599.41  760_3200  2749.530  1920.820     -1    28802    29220  -1.0000  -1.0000  -1.0000  -1.0000
    31925572 fnpc9072.fnal.gov   GenuineIntel  4799.34  760_3200  2747.740  1944.650     -1    11748    11934  -1.0000  -1.0000  -1.0000  -1.0000
    31925572 fnpc6026.fnal.gov   AuthenticAMD  4599.37  760_3200  2749.420  1891.840     -1    26164    26549  -1.0000  -1.0000  -1.0000  -1.0000
    31925572 fnpc7012.fnal.gov   AuthenticAMD  4599.38  760_3200  2747.440  1940.440     -1    27906    32259  -1.0000  -1.0000  -1.0000  -1.0000
    31925572 fnpc19139.fnal.gov  AuthenticAMD  5000.00  760_3200  2751.660  1946.170     -1    10579    10667  -1.0000  -1.0000  -1.0000  -1.0000
    31925572 fnpc19107.fnal.gov  AuthenticAMD  4999.99  760_3200  2748.920  1897.700     -1    11044    11291  -1.0000  -1.0000  -1.0000  -1.0000
    31925572 fnpc19133.fnal.gov  AuthenticAMD  4999.91  760_3200  2746.270  1944.470     -1    13313    13423  -1.0000  -1.0000  -1.0000  -1.0000
    31925572 fnpc19135.fnal.gov  AuthenticAMD  4999.99  760_3200  2750.350  1899.140     -1    13564    13681  -1.0000  -1.0000  -1.0000  -1.0000
    31925572 fnpc19136.fnal.gov  AuthenticAMD  4999.91  760_3200  2345.220  1647.090     -1      289    21097  -1.0000  -1.0000  -1.0000  -1.0000
    31925572 fnpc19125.fnal.gov  AuthenticAMD  5000.71  760_3200  2751.030  1947.990     -1    13926    14057  -1.0000  -1.0000  -1.0000  -1.0000
    31925572 fnpc19142.fnal.gov  AuthenticAMD  4999.99  760_3200  2748.930  1940.920     -1    10936    11034  -1.0000  -1.0000  -1.0000  -1.0000
    31925572 fnpc19127.fnal.gov  AuthenticAMD  4999.91  760_3200  2747.920  1949.360     -1     9446     9515  -1.0000  -1.0000  -1.0000  -1.0000
    31925572 fnpc19106.fnal.gov  AuthenticAMD  4999.91  760_3200  2748.070  1895.970     -1     9591     9683  -1.0000  -1.0000  -1.0000  -1.0000
    31925572 fnpc7212.fnal.gov   GenuineIntel  4611.58  760_3200  2749.330  1965.770     -1    16163    16303  -1.0000  -1.0000  -1.0000  -1.0000
    31925572 fnpc8201.fnal.gov   GenuineIntel  4611.97  760_3200  2750.270  1908.470     -1    14974    15356  -1.0000  -1.0000  -1.0000  -1.0000
    31925572 fnpc17159.fnal.gov  GenuineIntel  4605.44  760_3200  2747.400  1912.770     -1    16795    17054  -1.0000  -1.0000  -1.0000  -1.0000
    31925572 fnpc9110.fnal.gov   GenuineIntel  4799.72  760_3200  2746.900  1964.110     -1    13959    14054  -1.0000  -1.0000  -1.0000  -1.0000
    31925572 fnpc9064.fnal.gov   GenuineIntel  4799.34  760_3200  2747.840  1955.770     -1    14726    15587  -1.0000  -1.0000  -1.0000  -1.0000
    31925572 fnpc9029.fnal.gov   GenuineIntel  4799.29  760_3200  2748.350  1950.700     -1    13428    13764  -1.0000  -1.0000  -1.0000  -1.0000
    31925572 fnpc17147.fnal.gov  GenuineIntel  4605.95  760_3200  2750.600  1968.260     -1    10800    11709  -1.0000  -1.0000  -1.0000  -1.0000
    31925572 fnpc7006.fnal.gov   AuthenticAMD  4599.39  760_3200  2745.760  1884.710     -1    29481    31046  -1.0000  -1.0000  -1.0000  -1.0000
    31925572 fnpc7023.fnal.gov   AuthenticAMD  4599.41  760_3200  2747.470  1947.590     -1    28203    28608  -1.0000  -1.0000  -1.0000  -1.0000
    31925572 fnpc6017.fnal.gov   AuthenticAMD  4599.88  760_3200  2748.350  1899.090     -1    31257    31763  -1.0000  -1.0000  -1.0000  -1.0000
    31925572 fnpc9052.fnal.gov   GenuineIntel  4799.32  760_3200  2750.300  1958.820     -1    12040    12475  -1.0000  -1.0000  -1.0000  -1.0000
    31925572 fnpc9072.fnal.gov   GenuineIntel  4799.34  760_3200  2750.520  1967.790     -1    11855    11983  -1.0000  -1.0000  -1.0000  -1.0000
    31925572 fnpc6016.fnal.gov   AuthenticAMD  4599.39  760_3200  2748.330  1891.450     -1    29323    29694  -1.0000  -1.0000  -1.0000  -1.0000
    31925572 fnpc6024.fnal.gov   AuthenticAMD  4599.37  760_3200  2744.410  1880.780     -1    29254    29954  -1.0000  -1.0000  -1.0000  -1.0000
    31925572 fnpc6018.fnal.gov   AuthenticAMD  4599.38  760_3200  2749.580  1930.530     -1    29981    30667  -1.0000  -1.0000  -1.0000  -1.0000
    31925572 fnpc6013.fnal.gov   AuthenticAMD  4599.41  760_3200  2749.510  1966.910     -1    29081    29502  -1.0000  -1.0000  -1.0000  -1.0000
    31925572 fnpc7028.fnal.gov   AuthenticAMD  4599.41  760_3200  2748.630  1960.800     -1    27566    28258  -1.0000  -1.0000  -1.0000  -1.0000
    31925572 fnpc17115.fnal.gov  GenuineIntel  4605.50  760_3200  2750.660  1958.950     -1    13436    13518  -1.0000  -1.0000  -1.0000  -1.0000
    31925572 fnpc7011.fnal.gov   AuthenticAMD  4599.41  760_3200  2751.650  1948.550     -1    26830    27188  -1.0000  -1.0000  -1.0000  -1.0000
    31925572 fnpc19139.fnal.gov  AuthenticAMD  5000.00  760_3200  2749.510  1951.960     -1    10583    10727  -1.0000  -1.0000  -1.0000  -1.0000
    31925572 fnpc19135.fnal.gov  AuthenticAMD  4999.99  760_3200  2748.470  1897.220     -1    13430    13762  -1.0000  -1.0000  -1.0000  -1.0000
    31925572 fnpc19136.fnal.gov  AuthenticAMD  4999.91  760_3200  2748.820  1908.440     -1    13045    13149  -1.0000  -1.0000  -1.0000  -1.0000
    31925572 fnpc17159.fnal.gov  GenuineIntel  4605.44  760_3200  2748.730  1940.650     -1    16580    16869  -1.0000  -1.0000  -1.0000  -1.0000
    31925572 fnpc9064.fnal.gov   GenuineIntel  4799.34  760_3200  2749.850  1960.190     -1    13493    14307  -1.0000  -1.0000  -1.0000  -1.0000
    31925572 fnpc19127.fnal.gov  AuthenticAMD  4999.91  760_3200  2751.840  1952.760     -1     9368     9571  -1.0000  -1.0000  -1.0000  -1.0000
    31925572 fnpc9067.fnal.gov   GenuineIntel  4799.70  760_3200  2747.970  1970.940     -1    11665    12737  -1.0000  -1.0000  -1.0000  -1.0000
    31925572 fnpc17125.fnal.gov  GenuineIntel  4605.37  760_3200  2746.840  1955.040     -1    15776    18605  -1.0000  -1.0000  -1.0000  -1.0000
    31925572 fnpc17148.fnal.gov  GenuineIntel  4606.12  760_3200  2750.750  1938.680     -1    16257    17092  -1.0000  -1.0000  -1.0000  -1.0000
    31925572 fnpc19107.fnal.gov  AuthenticAMD  4999.99  760_3200  2748.970  1912.030     -1    11040    11137  -1.0000  -1.0000  -1.0000  -1.0000
    31925572 fnpc9052.fnal.gov   GenuineIntel  4799.32  760_3200  2746.440  1938.250     -1    12515    12926  -1.0000  -1.0000  -1.0000  -1.0000
    31925572 fnpc17115.fnal.gov  GenuineIntel  4605.50  760_3200  2746.530  1899.000     -1    15174    15275  -1.0000  -1.0000  -1.0000  -1.0000
    31925572 fnpc7011.fnal.gov   AuthenticAMD  4599.41  760_3200  2749.440  1947.020     -1    26838    27207  -1.0000  -1.0000  -1.0000  -1.0000
    31925572 fnpc9033.fnal.gov   GenuineIntel  4799.72  760_3200  2749.510  1956.240     -1    12609    13473  -1.0000  -1.0000  -1.0000  -1.0000
    31925572 fnpc17148.fnal.gov  GenuineIntel  4606.12  760_3200  2748.990  1952.530     -1    16331    17176  -1.0000  -1.0000  -1.0000  -1.0000
    31925572 fnpc9074.fnal.gov   GenuineIntel  4799.54  760_3200  2750.160  1945.630     -1    16658    16892  -1.0000  -1.0000  -1.0000  -1.0000
    31925572 fnpc9006.fnal.gov   GenuineIntel  4799.72  760_3200  2749.150  1969.730     -1    11843    14499  -1.0000  -1.0000  -1.0000  -1.0000
    31925572 fnpc9060.fnal.gov   GenuineIntel  4799.31  760_3200  2750.950  1971.810     -1    15239    16293  -1.0000  -1.0000  -1.0000  -1.0000
    31925572 fnpc17125.fnal.gov  GenuineIntel  4605.37  760_3200  2747.580  1958.060     -1    15786    18593  -1.0000  -1.0000  -1.0000  -1.0000
    31925572 fnpc7011.fnal.gov   AuthenticAMD  4599.41  760_3200  2747.900  1933.160     -1    28598    29055  -1.0000  -1.0000  -1.0000  -1.0000
    31925572 fnpc17115.fnal.gov  GenuineIntel  4605.50  760_3200  2748.920  1899.390     -1    15243    15320  -1.0000  -1.0000  -1.0000  -1.0000
    31925572 fnpc9074.fnal.gov   GenuineIntel  4799.54  760_3200  2747.370  1960.420     -1    16649    17066  -1.0000  -1.0000  -1.0000  -1.0000
    31925572 fnpc17148.fnal.gov  GenuineIntel  4606.12  760_3200  2749.690  1894.360     -1    16267    17137  -1.0000  -1.0000  -1.0000  -1.0000
    31925572 fnpc17115.fnal.gov  GenuineIntel  4605.50  760_3200  2751.240  1916.910     -1    15301    15613  -1.0000  -1.0000  -1.0000  -1.0000
    31925572 fnpc9074.fnal.gov   GenuineIntel  4799.54  760_3200  2748.920  1966.400     -1    16564    16770  -1.0000  -1.0000  -1.0000  -1.0000
    31925572 fnpc9067.fnal.gov   GenuineIntel  4799.70  760_3200  2746.820  1955.300     -1    12088    13185  -1.0000  -1.0000  -1.0000  -1.0000
    31925572 fnpc9074.fnal.gov   GenuineIntel  4799.54  760_3200  2750.030  1947.750     -1    16188    16433  -1.0000  -1.0000  -1.0000  -1.0000
    31925572 fnpc9074.fnal.gov   GenuineIntel  4799.54  760_3200  2748.600  1946.810     -1    16737    16968  -1.0000  -1.0000  -1.0000  -1.0000
    31925572 fnpc9064.fnal.gov   GenuineIntel  4799.34  760_3200  2748.620  1915.650     -1    14762    15708  -1.0000  -1.0000  -1.0000  -1.0000
    31925572 fnpc17124.fnal.gov  GenuineIntel  4605.53  760_3200  2748.660  1966.130     -1    11114    12850  -1.0000  -1.0000  -1.0000  -1.0000
    31925572 fnpc8203.fnal.gov   GenuineIntel  4612.00  760_3200  2748.590  1965.820     -1    14465    14568  -1.0000  -1.0000  -1.0000  -1.0000
    31925572 fnpc7305.fnal.gov   GenuineIntel  4618.59  760_3200  2748.740  1963.160     -1    14544    15472  -1.0000  -1.0000  -1.0000  -1.0000
    31925572 fnpc7306.fnal.gov   GenuineIntel  4618.09  760_3200  2749.780  1961.030     -1    15377    15665  -1.0000  -1.0000  -1.0000  -1.0000
    31925572 fnpc7303.fnal.gov   GenuineIntel  4605.49  760_3200  2749.490  1907.560     -1    14941    15136  -1.0000  -1.0000  -1.0000  -1.0000
    31925572 fnpc8208.fnal.gov   GenuineIntel  4605.81  760_3200  2749.900  1963.850     -1    14725    15047  -1.0000  -1.0000  -1.0000  -1.0000
    31925572 fnpc17148.fnal.gov  GenuineIntel  4606.12  760_3200  2748.860  1949.380     -1    16500    17334  -1.0000  -1.0000  -1.0000  -1.0000
    31925572 fnpc8003.fnal.gov   GenuineIntel  4607.93  760_3200  2750.970  1968.230     -1    19475    20719  -1.0000  -1.0000  -1.0000  -1.0000
    31925572 fnpc7211.fnal.gov   GenuineIntel  4611.86  760_3200  2749.100  1973.780     -1    15050    16312  -1.0000  -1.0000  -1.0000  -1.0000
    31925572 fnpc17127.fnal.gov  GenuineIntel  4605.44  760_3200  2748.960  1963.320     -1    10508    11592  -1.0000  -1.0000  -1.0000  -1.0000
    31925572 fnpc8012.fnal.gov   GenuineIntel  4612.36  760_3200  2748.490  1948.390     -1    19008    19169  -1.0000  -1.0000  -1.0000  -1.0000
    31925572 fnpc8009.fnal.gov   GenuineIntel  4605.37  760_3200  2748.280  1943.870     -1    16679    16874  -1.0000  -1.0000  -1.0000  -1.0000
    31925572 fnpc17122.fnal.gov  GenuineIntel  4605.59  760_3200  2750.640  1947.230     -1    12464    12848  -1.0000  -1.0000  -1.0000  -1.0000
    31925572 fnpc9106.fnal.gov   GenuineIntel  4800.17  760_3200  2748.920  1886.250     -1    15052    15363  -1.0000  -1.0000  -1.0000  -1.0000
    31925572 fnpc8017.fnal.gov   GenuineIntel  4605.34  760_3200  2751.650  1966.000     -1    14371    14745  -1.0000  -1.0000  -1.0000  -1.0000
    31925572 fnpc17117.fnal.gov  GenuineIntel  4605.30  760_3200  2745.780  1943.150     -1    17443    18270  -1.0000  -1.0000  -1.0000  -1.0000
    31925572 fnpc6021.fnal.gov   AuthenticAMD  4599.37  760_3200  2748.190  1941.340     -1    27902    28366  -1.0000  -1.0000  -1.0000  -1.0000
    31925572 fnpc9048.fnal.gov   GenuineIntel  4799.29  760_3200  2748.480  1935.190     -1    14073    14318  -1.0000  -1.0000  -1.0000  -1.0000
    31925572 fnpc9069.fnal.gov   GenuineIntel  4799.71  760_3200  2747.230  1887.780     -1    13984    14267  -1.0000  -1.0000  -1.0000  -1.0000
    31925572 fnpc17141.fnal.gov  GenuineIntel  4605.55  760_3200  2751.350  1909.060     -1    15131    15572  -1.0000  -1.0000  -1.0000  -1.0000
    31925572 fnpc7002.fnal.gov   AuthenticAMD  4601.37  760_3200  2751.390  1954.930     -1    28398    28860  -1.0000  -1.0000  -1.0000  -1.0000
    31925572 fnpc6006.fnal.gov   AuthenticAMD  4599.60  760_3200  2747.900  1916.110     -1    29695    32363  -1.0000  -1.0000  -1.0000  -1.0000
    31925572 fnpc9058.fnal.gov   GenuineIntel  4799.73  760_3200  2749.120  1943.060     -1    12249    12588  -1.0000  -1.0000  -1.0000  -1.0000
    31925572 fnpc9026.fnal.gov   GenuineIntel  4799.33  760_3200  2748.020  1939.940     -1    12105    12369  -1.0000  -1.0000  -1.0000  -1.0000
    31925572 fnpc6017.fnal.gov   AuthenticAMD  4599.88  760_3200  2749.700  1901.810     -1    31488    31999  -1.0000  -1.0000  -1.0000  -1.0000
    31925572 fnpc9036.fnal.gov   GenuineIntel  4799.32  760_3200  2749.620  1960.000     -1    12469    12726  -1.0000  -1.0000  -1.0000  -1.0000
    31925572 fnpc17121.fnal.gov  GenuineIntel  4605.34  760_3200  2750.000  1922.360     -1    12880    12970  -1.0000  -1.0000  -1.0000  -1.0000
    31925572 fnpc9038.fnal.gov   GenuineIntel  4799.71  760_3200  2748.330  1942.000     -1    12363    12742  -1.0000  -1.0000  -1.0000  -1.0000
    31925572 fnpc9027.fnal.gov   GenuineIntel  4799.72  760_3200  2747.520  1940.900     -1    12208    12340  -1.0000  -1.0000  -1.0000  -1.0000
    31925572 fnpc6005.fnal.gov   AuthenticAMD  4599.43  760_3200  2750.760  1905.030     -1    28519    28998  -1.0000  -1.0000  -1.0000  -1.0000
    31925572 fnpc17120.fnal.gov  GenuineIntel  4605.56  760_3200  2750.620  1963.200     -1    11786    12001  -1.0000  -1.0000  -1.0000  -1.0000
    31925572 fnpc17111.fnal.gov  GenuineIntel  4605.73  760_3200  2747.950  1962.200     -1    11034    11530  -1.0000  -1.0000  -1.0000  -1.0000
    31925572 fnpc9046.fnal.gov   GenuineIntel  4800.48  760_3200  2749.620  1965.990     -1    11942    12459  -1.0000  -1.0000  -1.0000  -1.0000
    31925572 fnpc6030.fnal.gov   AuthenticAMD  4599.38  760_3200  2750.310  1939.300     -1    28814    29239  -1.0000  -1.0000  -1.0000  -1.0000
    31925572 fnpc6031.fnal.gov   AuthenticAMD  4599.39  760_3200  2341.720  1661.870     -1      412    19121  -1.0000  -1.0000  -1.0000  -1.0000
    31925572 fnpc17149.fnal.gov  GenuineIntel  4605.33  760_3200  2747.470  1963.700     -1    11472    11562  -1.0000  -1.0000  -1.0000  -1.0000
    31925572 fnpc9050.fnal.gov   GenuineIntel  4799.30  760_3200  2750.500  1971.440     -1    11896    12083  -1.0000  -1.0000  -1.0000  -1.0000
    31925572 fnpc9043.fnal.gov   GenuineIntel  4799.71  760_3200  2746.770  1953.290     -1    11670    11837  -1.0000  -1.0000  -1.0000  -1.0000
    31925572 fnpc19135.fnal.gov  AuthenticAMD  4999.99  760_3200  2751.410  1944.100     -1    13505    13663  -1.0000  -1.0000  -1.0000  -1.0000
    31925572 fnpc19136.fnal.gov  AuthenticAMD  4999.91  760_3200  2749.710  1965.820     -1    10843    11010  -1.0000  -1.0000  -1.0000  -1.0000
    31925572 fnpc19126.fnal.gov  AuthenticAMD  5000.00  760_3200  2749.480  1913.150     -1    11529    11622  -1.0000  -1.0000  -1.0000  -1.0000
    31925572 fnpc19123.fnal.gov  AuthenticAMD  4999.91  760_3200  2750.120  1966.080     -1    10816    10920  -1.0000  -1.0000  -1.0000  -1.0000
    31925572 fnpc19130.fnal.gov  AuthenticAMD  5000.04  760_3200  2749.460  1911.910     -1    10347    10622  -1.0000  -1.0000  -1.0000  -1.0000
    31925572 fnpc7306.fnal.gov   GenuineIntel  4618.09  760_3200  2750.280  1966.100     -1    15592    15686  -1.0000  -1.0000  -1.0000  -1.0000
    31925572 fnpc8208.fnal.gov   GenuineIntel  4605.81  760_3200  2749.790  1967.100     -1    14739    15003  -1.0000  -1.0000  -1.0000  -1.0000
    31925572 fnpc7211.fnal.gov   GenuineIntel  4611.86  760_3200  2750.940  1970.120     -1    15327    16828  -1.0000  -1.0000  -1.0000  -1.0000
    31925572 fnpc9106.fnal.gov   GenuineIntel  4800.17  760_3200  2750.690  1909.380     -1    14913    15021  -1.0000  -1.0000  -1.0000  -1.0000
    31925572 fnpc8003.fnal.gov   GenuineIntel  4607.93  760_3200  2748.560  1943.650     -1    19423    20650  -1.0000  -1.0000  -1.0000  -1.0000
    31925572 fnpc9069.fnal.gov   GenuineIntel  4799.71  760_3200  2749.360  1891.290     -1    13360    13657  -1.0000  -1.0000  -1.0000  -1.0000
    31925572 fnpc9048.fnal.gov   GenuineIntel  4799.29  760_3200  2749.900  1964.920     -1    14114    14259  -1.0000  -1.0000  -1.0000  -1.0000
    31925572 fnpc17159.fnal.gov  GenuineIntel  4605.44  760_3200  2749.770  1965.940     -1    16687    17132  -1.0000  -1.0000  -1.0000  -1.0000
    31925572 fnpc8009.fnal.gov   GenuineIntel  4605.37  760_3200  2749.170  1963.440     -1    16799    17198  -1.0000  -1.0000  -1.0000  -1.0000
    31925572 fnpc9036.fnal.gov   GenuineIntel  4799.32  760_3200  2751.490  1964.630     -1    12214    12512  -1.0000  -1.0000  -1.0000  -1.0000
    31925572 fnpc17121.fnal.gov  GenuineIntel  4605.34  760_3200  2748.510  1932.810     -1    12710    12838  -1.0000  -1.0000  -1.0000  -1.0000
    31925572 fnpc9038.fnal.gov   GenuineIntel  4799.71  760_3200  2751.320  1950.610     -1    12464    12987  -1.0000  -1.0000  -1.0000  -1.0000
    31925572 fnpc9027.fnal.gov   GenuineIntel  4799.72  760_3200  2746.660  1948.330     -1    12193    12376  -1.0000  -1.0000  -1.0000  -1.0000
    31925572 fnpc17149.fnal.gov  GenuineIntel  4605.33  760_3200  2748.660  1949.770     -1    11471    11567  -1.0000  -1.0000  -1.0000  -1.0000
    31925572 fnpc9106.fnal.gov   GenuineIntel  4800.17  760_3200  2748.980  1907.610     -1    15051    15164  -1.0000  -1.0000  -1.0000  -1.0000
    31925572 fnpc6021.fnal.gov   AuthenticAMD  4599.37  760_3200  2749.720  1952.830     -1    28463    28999  -1.0000  -1.0000  -1.0000  -1.0000
    31925572 fnpc17141.fnal.gov  GenuineIntel  4605.55  760_3200  2746.990  1890.270     -1    14984    15318  -1.0000  -1.0000  -1.0000  -1.0000
    31925572 fnpc7002.fnal.gov   AuthenticAMD  4601.37  760_3200  2750.090  1959.070     -1    29324    29751  -1.0000  -1.0000  -1.0000  -1.0000
    31925572 fnpc6006.fnal.gov   AuthenticAMD  4599.60  760_3200  2748.890  1944.310     -1    27048    29763  -1.0000  -1.0000  -1.0000  -1.0000
    31925572 fnpc6017.fnal.gov   AuthenticAMD  4599.88  760_3200  2750.210  1905.270     -1    32090    32532  -1.0000  -1.0000  -1.0000  -1.0000
    31925572 fnpc17120.fnal.gov  GenuineIntel  4605.56  760_3200  2749.510  1948.680     -1    11825    11989  -1.0000  -1.0000  -1.0000  -1.0000
    31925572 fnpc6030.fnal.gov   AuthenticAMD  4599.38  760_3200  2750.030  1937.120     -1    28575    29076  -1.0000  -1.0000  -1.0000  -1.0000
    31925572 fnpc6031.fnal.gov   AuthenticAMD  4599.39  760_3200  2746.650  1945.840     -1    26447    26898  -1.0000  -1.0000  -1.0000  -1.0000
    31925572 fnpc9050.fnal.gov   GenuineIntel  4799.30  760_3200  2749.690  1975.120     -1    11942    12198  -1.0000  -1.0000  -1.0000  -1.0000
    31925572 fnpc19130.fnal.gov  AuthenticAMD  5000.04  760_3200  2751.240  1913.610     -1    10297    10417  -1.0000  -1.0000  -1.0000  -1.0000
    31925572 fnpc17148.fnal.gov  GenuineIntel  4606.12  760_3200  2751.050  1949.610     -1    16415    17257  -1.0000  -1.0000  -1.0000  -1.0000
    31925572 fnpc9069.fnal.gov   GenuineIntel  4799.71  760_3200  2750.480  1908.160     -1    12289    12633  -1.0000  -1.0000  -1.0000  -1.0000
    31925572 fnpc9036.fnal.gov   GenuineIntel  4799.32  760_3200  2747.810  1965.080     -1    12505    12936  -1.0000  -1.0000  -1.0000  -1.0000
    31925572 fnpc9027.fnal.gov   GenuineIntel  4799.72  760_3200  2749.200  1955.820     -1    12552    12682  -1.0000  -1.0000  -1.0000  -1.0000
    31925572 fnpc17121.fnal.gov  GenuineIntel  4605.34  760_3200  2753.280  1940.920     -1    12730    12802  -1.0000  -1.0000  -1.0000  -1.0000
    31925572 fnpc6030.fnal.gov   AuthenticAMD  4599.38  760_3200  2750.250  1933.980     -1    29664    30047  -1.0000  -1.0000  -1.0000  -1.0000
    31925572 fnpc8203.fnal.gov   GenuineIntel  4612.00  760_3200  2748.530  1950.820     -1    14439    14560  -1.0000  -1.0000  -1.0000  -1.0000
    31925572 fnpc9036.fnal.gov   GenuineIntel  4799.32  760_3200  2748.510  1962.680     -1    12416    12691  -1.0000  -1.0000  -1.0000  -1.0000
    31925572 fnpc17120.fnal.gov  GenuineIntel  4605.56  760_3200  2747.020  1948.920     -1    11949    12094  -1.0000  -1.0000  -1.0000  -1.0000
    31925572 fnpc17117.fnal.gov  GenuineIntel  4605.30  760_3200  2749.360  1952.040     -1    17362    18192  -1.0000  -1.0000  -1.0000  -1.0000
    31925572 fnpc19130.fnal.gov  AuthenticAMD  5000.04  760_3200  2747.510  1896.600     -1    11151    11266  -1.0000  -1.0000  -1.0000  -1.0000
    31925572 fnpc9043.fnal.gov   GenuineIntel  4799.71  760_3200  2747.120  1968.710     -1    11672    11848  -1.0000  -1.0000  -1.0000  -1.0000
    31925572 fnpc17117.fnal.gov  GenuineIntel  4605.30  760_3200  2749.830  1965.130     -1    17365    18206  -1.0000  -1.0000  -1.0000  -1.0000
    31925572 fnpc9046.fnal.gov   GenuineIntel  4800.48  760_3200  2747.630  1968.200     -1    12044    12804  -1.0000  -1.0000  -1.0000  -1.0000
    31925572 fnpc8205.fnal.gov   GenuineIntel  4605.61  760_3200  2749.850  1905.370     -1    16545    17096  -1.0000  -1.0000  -1.0000  -1.0000
    31925572 fnpc17132.fnal.gov  GenuineIntel  4605.25  760_3200  2749.350  1948.300     -1    15852    16036  -1.0000  -1.0000  -1.0000  -1.0000
    31925572 fnpc17151.fnal.gov  GenuineIntel  4605.52  760_3200  2750.650  1893.860     -1    11882    14384  -1.0000  -1.0000  -1.0000  -1.0000
    31925572 fnpc9003.fnal.gov   GenuineIntel  4800.07  760_3200  2749.570  1966.990     -1    13419    13945  -1.0000  -1.0000  -1.0000  -1.0000
    31925572 fnpc17144.fnal.gov  GenuineIntel  4605.59  760_3200  2750.730  1972.440     -1    11639    16069  -1.0000  -1.0000  -1.0000  -1.0000
    31925572 fnpc17157.fnal.gov  GenuineIntel  4605.64  760_3200  2750.740  1947.540     -1    13109    15165  -1.0000  -1.0000  -1.0000  -1.0000
    31925572 fnpc8013.fnal.gov   GenuineIntel  4605.73  760_3200  2747.850  1933.620     -1    15709    15960  -1.0000  -1.0000  -1.0000  -1.0000
    31925572 fnpc8021.fnal.gov   GenuineIntel  4605.70  760_3200  2746.890  1929.870     -1    14890    15426  -1.0000  -1.0000  -1.0000  -1.0000
    31925572 fnpc7017.fnal.gov   AuthenticAMD  4599.41  760_3200  2750.830  1892.670     -1    30236    30753  -1.0000  -1.0000  -1.0000  -1.0000
    31925572 fnpc17155.fnal.gov  GenuineIntel  4605.70  760_3200  2746.330  1943.530     -1    13530    13724  -1.0000  -1.0000  -1.0000  -1.0000
    31925572 fnpc9067.fnal.gov   GenuineIntel  4799.70  760_3200  2749.760  1972.920     -1    11735    13027  -1.0000  -1.0000  -1.0000  -1.0000
    31925572 fnpc9019.fnal.gov   GenuineIntel  4799.34  760_3200  2751.060  1896.030     -1    12876    13272  -1.0000  -1.0000  -1.0000  -1.0000
    31925572 fnpc9070.fnal.gov   GenuineIntel  4800.07  760_3200  2748.870  1945.920     -1    13073    13318  -1.0000  -1.0000  -1.0000  -1.0000
    31925572 fnpc9014.fnal.gov   GenuineIntel  4799.34  760_3200  2748.000  1972.160     -1    15387    16103  -1.0000  -1.0000  -1.0000  -1.0000
    31925572 fnpc9022.fnal.gov   GenuineIntel  4799.63  760_3200  2747.540  1972.800     -1    13539    13913  -1.0000  -1.0000  -1.0000  -1.0000
    31925572 fnpc6000.fnal.gov   AuthenticAMD  4599.51  760_3200  2750.980  1954.100     -1    29680    30352  -1.0000  -1.0000  -1.0000  -1.0000
    31925572 fnpc9069.fnal.gov   GenuineIntel  4799.71  760_3200  2750.560  1908.350     -1    12650    12908  -1.0000  -1.0000  -1.0000  -1.0000
    31925572 fnpc9105.fnal.gov   GenuineIntel  4799.30  760_3200  2748.580  1946.540     -1    12182    12241  -1.0000  -1.0000  -1.0000  -1.0000
    31925572 fnpc9017.fnal.gov   GenuineIntel  4799.31  760_3200  2749.850  1947.340     -1    12242    12452  -1.0000  -1.0000  -1.0000  -1.0000
    31925572 fnpc9013.fnal.gov   GenuineIntel  4800.47  760_3200  2748.730  1950.110     -1    12115    12350  -1.0000  -1.0000  -1.0000  -1.0000
    31925572 fnpc7027.fnal.gov   AuthenticAMD  4599.37  760_3200  2747.830  1944.120     -1    28302    28676  -1.0000  -1.0000  -1.0000  -1.0000
    31925572 fnpc7010.fnal.gov   AuthenticAMD  4599.39  760_3200  2748.620  1947.220     -1    29349    29862  -1.0000  -1.0000  -1.0000  -1.0000
    31925572 fnpc9103.fnal.gov   GenuineIntel  4799.31  760_3200  2748.980  1960.120     -1    11933    12002  -1.0000  -1.0000  -1.0000  -1.0000
    31925572 fnpc19107.fnal.gov  AuthenticAMD  4999.99  760_3200  2747.520  1897.320     -1    13294    13546  -1.0000  -1.0000  -1.0000  -1.0000
    31925572 fnpc19111.fnal.gov  AuthenticAMD  4999.98  760_3200  2341.260  1654.160     -1      231    27073  -1.0000  -1.0000  -1.0000  -1.0000
    31925572 fnpc19126.fnal.gov  AuthenticAMD  5000.00  760_3200  2749.310  1916.630     -1    12623    12762  -1.0000  -1.0000  -1.0000  -1.0000
    31925572 fnpc19130.fnal.gov  AuthenticAMD  5000.04  760_3200  2746.830  1890.660     -1    11128    11449  -1.0000  -1.0000  -1.0000  -1.0000
    31925572 fnpc19117.fnal.gov  AuthenticAMD  4999.90  760_3200  2749.450  1913.350     -1    12611    12757  -1.0000  -1.0000  -1.0000  -1.0000
    31925572 fnpc19114.fnal.gov  AuthenticAMD  4999.99  760_3200  2746.540  1943.540     -1    10288    10366  -1.0000  -1.0000  -1.0000  -1.0000
    31925572 fnpc19115.fnal.gov  AuthenticAMD  4999.92  760_3200  2750.020  1914.110     -1    13383    13566  -1.0000  -1.0000  -1.0000  -1.0000
    31925572 fnpc19141.fnal.gov  AuthenticAMD  4999.92  760_3200  2746.420  1943.840     -1    10612    10786  -1.0000  -1.0000  -1.0000  -1.0000
    31925572 fnpc19119.fnal.gov  AuthenticAMD  4999.91  760_3200  2751.130  1960.430     -1    10996    11102  -1.0000  -1.0000  -1.0000  -1.0000
    31925572 fnpc19109.fnal.gov  AuthenticAMD  4999.91  760_3200  2747.700  1960.040     -1    10951    11080  -1.0000  -1.0000  -1.0000  -1.0000
    31925572 fnpc19128.fnal.gov  AuthenticAMD  4999.94  760_3200  2750.230  1914.040     -1    11017    11124  -1.0000  -1.0000  -1.0000  -1.0000
    31925572 fnpc19106.fnal.gov  AuthenticAMD  4999.91  760_3200  2747.130  1911.310     -1    10456    10546  -1.0000  -1.0000  -1.0000  -1.0000
    31925572 fnpc19140.fnal.gov  AuthenticAMD  4999.99  760_3200  2748.940  1894.310     -1    12747    12870  -1.0000  -1.0000  -1.0000  -1.0000
    31925572 fnpc19102.fnal.gov  AuthenticAMD  4999.98  760_3200  2749.330  1893.090     -1     9395     9446  -1.0000  -1.0000  -1.0000  -1.0000
    31925572 fnpc8013.fnal.gov   GenuineIntel  4605.73  760_3200  2751.750  1944.060     -1    15876    16117  -1.0000  -1.0000  -1.0000  -1.0000
    31925572 fnpc9014.fnal.gov   GenuineIntel  4799.34  760_3200  2751.430  1968.790     -1    15287    16000  -1.0000  -1.0000  -1.0000  -1.0000
    31925572 fnpc9022.fnal.gov   GenuineIntel  4799.63  760_3200  2748.590  1969.700     -1    13433    13865  -1.0000  -1.0000  -1.0000  -1.0000
    31925572 fnpc9017.fnal.gov   GenuineIntel  4799.31  760_3200  2750.320  1962.010     -1    12474    12667  -1.0000  -1.0000  -1.0000  -1.0000
    31925572 fnpc9103.fnal.gov   GenuineIntel  4799.31  760_3200  2751.530  1949.660     -1    11997    12048  -1.0000  -1.0000  -1.0000  -1.0000
    31925572 fnpc19119.fnal.gov  AuthenticAMD  4999.91  760_3200  2749.070  1898.210     -1    13336    13494  -1.0000  -1.0000  -1.0000  -1.0000
    31925572 fnpc9019.fnal.gov   GenuineIntel  4799.34  760_3200  2748.620  1893.630     -1    13223    13578  -1.0000  -1.0000  -1.0000  -1.0000
    31925572 fnpc7010.fnal.gov   AuthenticAMD  4599.39  760_3200  2749.470  1933.080     -1    29642    30245  -1.0000  -1.0000  -1.0000  -1.0000
    31925572 fnpc19126.fnal.gov  AuthenticAMD  5000.00  760_3200  2748.020  1903.890     -1    12753    12967  -1.0000  -1.0000  -1.0000  -1.0000
    31925572 fnpc19130.fnal.gov  AuthenticAMD  5000.04  760_3200  2748.980  1961.270     -1    10687    10860  -1.0000  -1.0000  -1.0000  -1.0000
    31925572 fnpc19117.fnal.gov  AuthenticAMD  4999.90  760_3200  2747.390  1911.100     -1    12631    12755  -1.0000  -1.0000  -1.0000  -1.0000
    31925572 fnpc19114.fnal.gov  AuthenticAMD  4999.99  760_3200  2748.350  1960.080     -1    10218    10343  -1.0000  -1.0000  -1.0000  -1.0000
    31925572 fnpc19141.fnal.gov  AuthenticAMD  4999.92  760_3200  2750.330  1947.570     -1    10600    10693  -1.0000  -1.0000  -1.0000  -1.0000
    31925572 fnpc19128.fnal.gov  AuthenticAMD  4999.94  760_3200  2750.700  1914.620     -1    11029    11184  -1.0000  -1.0000  -1.0000  -1.0000
    31925572 fnpc19140.fnal.gov  AuthenticAMD  4999.99  760_3200  2747.360  1908.170     -1    12725    12838  -1.0000  -1.0000  -1.0000  -1.0000
    31925572 fnpc19102.fnal.gov  AuthenticAMD  4999.98  760_3200  2748.590  1894.950     -1     9466     9540  -1.0000  -1.0000  -1.0000  -1.0000
    31925572 fnpc19109.fnal.gov  AuthenticAMD  4999.91  760_3200  2747.830  1960.380     -1    10971    11092  -1.0000  -1.0000  -1.0000  -1.0000
    31925572 fnpc7017.fnal.gov   AuthenticAMD  4599.41  760_3200  2749.060  1891.360     -1    30583    31185  -1.0000  -1.0000  -1.0000  -1.0000
    31925572 fnpc9017.fnal.gov   GenuineIntel  4799.31  760_3200  2748.990  1966.100     -1    12159    12337  -1.0000  -1.0000  -1.0000  -1.0000
    31925572 fnpc6000.fnal.gov   AuthenticAMD  4599.51  760_3200  2747.030  1941.850     -1    29470    30073  -1.0000  -1.0000  -1.0000  -1.0000
    31925572 fnpc19107.fnal.gov  AuthenticAMD  4999.99  760_3200  2747.380  1914.990     -1    13309    13488  -1.0000  -1.0000  -1.0000  -1.0000
    31925572 fnpc19115.fnal.gov  AuthenticAMD  4999.92  760_3200  2748.290  1945.900     -1    11710    11809  -1.0000  -1.0000  -1.0000  -1.0000
    31925572 fnpc19106.fnal.gov  AuthenticAMD  4999.91  760_3200  2747.530  1897.090     -1    10515    10587  -1.0000  -1.0000  -1.0000  -1.0000
    31925572 fnpc9003.fnal.gov   GenuineIntel  4800.07  760_3200  2748.770  1964.020     -1    13809    14316  -1.0000  -1.0000  -1.0000  -1.0000
    31925572 fnpc17155.fnal.gov  GenuineIntel  4605.70  760_3200  2748.540  1951.030     -1    13173    13549  -1.0000  -1.0000  -1.0000  -1.0000
    31925572 fnpc19119.fnal.gov  AuthenticAMD  4999.91  760_3200  2745.340  1894.500     -1    12225    12328  -1.0000  -1.0000  -1.0000  -1.0000
    31925572 fnpc9019.fnal.gov   GenuineIntel  4799.34  760_3200  2750.750  1906.860     -1    12610    12951  -1.0000  -1.0000  -1.0000  -1.0000
    31925572 fnpc19141.fnal.gov  AuthenticAMD  4999.92  760_3200  2747.400  1959.870     -1    10549    10620  -1.0000  -1.0000  -1.0000  -1.0000
    31925572 fnpc19128.fnal.gov  AuthenticAMD  4999.94  760_3200  2746.960  1895.060     -1    12306    12403  -1.0000  -1.0000  -1.0000  -1.0000
    31925572 fnpc19140.fnal.gov  AuthenticAMD  4999.99  760_3200  2749.760  1961.700     -1    11240    11320  -1.0000  -1.0000  -1.0000  -1.0000
    31925572 fnpc19109.fnal.gov  AuthenticAMD  4999.91  760_3200  2749.890  1947.570     -1    10971    11113  -1.0000  -1.0000  -1.0000  -1.0000
    31925572 fnpc19102.fnal.gov  AuthenticAMD  4999.98  760_3200  2748.990  1911.460     -1     9449     9756  -1.0000  -1.0000  -1.0000  -1.0000
    31925572 fnpc19117.fnal.gov  AuthenticAMD  4999.90  760_3200  2748.350  1959.510     -1    10853    10965  -1.0000  -1.0000  -1.0000  -1.0000
    31925572 fnpc19114.fnal.gov  AuthenticAMD  4999.99  760_3200  2751.110  1948.380     -1     9936    10023  -1.0000  -1.0000  -1.0000  -1.0000
    31925572 fnpc19115.fnal.gov  AuthenticAMD  4999.92  760_3200  2750.740  1963.070     -1    11745    11874  -1.0000  -1.0000  -1.0000  -1.0000
    31925572 fnpc19130.fnal.gov  AuthenticAMD  5000.04  760_3200  2747.910  1964.750     -1    10416    10701  -1.0000  -1.0000  -1.0000  -1.0000
    31925572 fnpc7017.fnal.gov   AuthenticAMD  4599.41  760_3200  2748.350  1892.380     -1    31425    32030  -1.0000  -1.0000  -1.0000  -1.0000
    31925572 fnpc19106.fnal.gov  AuthenticAMD  4999.91  760_3200  2749.690  1914.850     -1    10469    10579  -1.0000  -1.0000  -1.0000  -1.0000
    31925572 fnpc9019.fnal.gov   GenuineIntel  4799.34  760_3200  2751.700  1893.090     -1    13271    13653  -1.0000  -1.0000  -1.0000  -1.0000
    31925572 fnpc6000.fnal.gov   AuthenticAMD  4599.51  760_3200  2748.620  1936.770     -1    30789    31348  -1.0000  -1.0000  -1.0000  -1.0000
    31925572 fnpc19102.fnal.gov  AuthenticAMD  4999.98  760_3200  2746.960  1900.990     -1     9511     9744  -1.0000  -1.0000  -1.0000  -1.0000
    31925572 fnpc19119.fnal.gov  AuthenticAMD  4999.91  760_3200  2746.680  1944.130     -1    10951    11216  -1.0000  -1.0000  -1.0000  -1.0000
    31925572 fnpc19141.fnal.gov  AuthenticAMD  4999.92  760_3200  2748.860  1946.350     -1    10575    10828  -1.0000  -1.0000  -1.0000  -1.0000
    31925572 fnpc19128.fnal.gov  AuthenticAMD  4999.94  760_3200  2748.760  1897.610     -1    12286    12391  -1.0000  -1.0000  -1.0000  -1.0000
    31925572 fnpc19114.fnal.gov  AuthenticAMD  4999.99  760_3200  2750.870  1961.090     -1    10336    10420  -1.0000  -1.0000  -1.0000  -1.0000
    31925572 fnpc19109.fnal.gov  AuthenticAMD  4999.91  760_3200  2750.590  1962.910     -1    10240    10333  -1.0000  -1.0000  -1.0000  -1.0000
    31925572 fnpc19117.fnal.gov  AuthenticAMD  4999.90  760_3200  2750.980  1914.730     -1    12632    12924  -1.0000  -1.0000  -1.0000  -1.0000
    31925572 fnpc19140.fnal.gov  AuthenticAMD  4999.99  760_3200  2749.230  1898.120     -1    12718    12818  -1.0000  -1.0000  -1.0000  -1.0000
    31925572 fnpc19115.fnal.gov  AuthenticAMD  4999.92  760_3200  2751.460  1963.930     -1    11759    11852  -1.0000  -1.0000  -1.0000  -1.0000
    31925572 fnpc9019.fnal.gov   GenuineIntel  4799.34  760_3200  2748.430  1907.040     -1    12377    12708  -1.0000  -1.0000  -1.0000  -1.0000
    31925572 fnpc19130.fnal.gov  AuthenticAMD  5000.04  760_3200  2750.980  1916.350     -1    11126    11240  -1.0000  -1.0000  -1.0000  -1.0000
    31925572 fnpc19102.fnal.gov  AuthenticAMD  4999.98  760_3200  2749.810  1912.320     -1     9492     9544  -1.0000  -1.0000  -1.0000  -1.0000
    31925572 fnpc19106.fnal.gov  AuthenticAMD  4999.91  760_3200  2746.090  1898.260     -1    10502    10587  -1.0000  -1.0000  -1.0000  -1.0000
    31925572 fnpc9013.fnal.gov   GenuineIntel  4800.47  760_3200  2748.710  1953.080     -1    12142    12310  -1.0000  -1.0000  -1.0000  -1.0000
    31925572 fnpc19119.fnal.gov  AuthenticAMD  4999.91  760_3200  2748.780  1961.200     -1    10938    11022  -1.0000  -1.0000  -1.0000  -1.0000
    31925572 fnpc19128.fnal.gov  AuthenticAMD  4999.94  760_3200  2751.060  1914.040     -1    12283    12397  -1.0000  -1.0000  -1.0000  -1.0000
    31925572 fnpc19141.fnal.gov  AuthenticAMD  4999.92  760_3200  2749.870  1962.390     -1    10528    10604  -1.0000  -1.0000  -1.0000  -1.0000
    31925572 fnpc19140.fnal.gov  AuthenticAMD  4999.99  760_3200  2748.260  1911.710     -1    12810    12903  -1.0000  -1.0000  -1.0000  -1.0000
    31925572 fnpc19115.fnal.gov  AuthenticAMD  4999.92  760_3200  2746.510  1897.490     -1    13421    13554  -1.0000  -1.0000  -1.0000  -1.0000
    31925572 fnpc19102.fnal.gov  AuthenticAMD  4999.98  760_3200  2748.490  1920.790     -1     9416     9511  -1.0000  -1.0000  -1.0000  -1.0000
    31925572 fnpc19117.fnal.gov  AuthenticAMD  4999.90  760_3200  2749.760  1914.680     -1    12572    12716  -1.0000  -1.0000  -1.0000  -1.0000
    31925572 fnpc19106.fnal.gov  AuthenticAMD  4999.91  760_3200  2750.560  1917.330     -1    10407    10697  -1.0000  -1.0000  -1.0000  -1.0000
    31925572 fnpc19114.fnal.gov  AuthenticAMD  4999.99  760_3200  2748.690  1960.780     -1    10193    10295  -1.0000  -1.0000  -1.0000  -1.0000
    31925572 fnpc19109.fnal.gov  AuthenticAMD  4999.91  760_3200  2748.400  1960.960     -1    10988    11080  -1.0000  -1.0000  -1.0000  -1.0000
    31925572 fnpc19119.fnal.gov  AuthenticAMD  4999.91  760_3200  2746.410  1958.670     -1    11027    11128  -1.0000  -1.0000  -1.0000  -1.0000
    31925572 fnpc9019.fnal.gov   GenuineIntel  4799.34  760_3200  2748.220  1890.040     -1    13246    13632  -1.0000  -1.0000  -1.0000  -1.0000
    31925572 fnpc19128.fnal.gov  AuthenticAMD  4999.94  760_3200  2748.850  1912.820     -1    12347    12433  -1.0000  -1.0000  -1.0000  -1.0000
    31925572 fnpc19141.fnal.gov  AuthenticAMD  4999.92  760_3200  2749.530  1962.110     -1    10619    10844  -1.0000  -1.0000  -1.0000  -1.0000
    31925572 fnpc17144.fnal.gov  GenuineIntel  4605.59  760_3200  2750.120  1960.390     -1    11551    15937  -1.0000  -1.0000  -1.0000  -1.0000
    31925572 fnpc19140.fnal.gov  AuthenticAMD  4999.99  760_3200  2744.460  1956.890     -1    11071    11144  -1.0000  -1.0000  -1.0000  -1.0000
    31925572 fnpc8021.fnal.gov   GenuineIntel  4605.70  760_3200  2748.960  1971.290     -1    14730    15239  -1.0000  -1.0000  -1.0000  -1.0000
    31925572 fnpc19102.fnal.gov  AuthenticAMD  4999.98  760_3200  2749.000  1956.330     -1     9371     9474  -1.0000  -1.0000  -1.0000  -1.0000
    31925572 fnpc19115.fnal.gov  AuthenticAMD  4999.92  760_3200  2749.040  1946.430     -1    11801    11898  -1.0000  -1.0000  -1.0000  -1.0000
    31925572 fnpc19117.fnal.gov  AuthenticAMD  4999.90  760_3200  2747.630  1943.340     -1    10870    10980  -1.0000  -1.0000  -1.0000  -1.0000
    31925572 fnpc19109.fnal.gov  AuthenticAMD  4999.91  760_3200  2750.650  1899.940     -1    10996    11270  -1.0000  -1.0000  -1.0000  -1.0000
    31925572 fnpc19128.fnal.gov  AuthenticAMD  4999.94  760_3200  2749.580  1913.360     -1    12211    12310  -1.0000  -1.0000  -1.0000  -1.0000
    31925572 fnpc19106.fnal.gov  AuthenticAMD  4999.91  760_3200  2748.830  1969.650     -1    10250    10331  -1.0000  -1.0000  -1.0000  -1.0000
    31925572 fnpc19102.fnal.gov  AuthenticAMD  4999.98  760_3200  2747.280  1954.590     -1     9442     9503  -1.0000  -1.0000  -1.0000  -1.0000
    31925572 fnpc9069.fnal.gov   GenuineIntel  4799.71  760_3200  2748.420  1902.520     -1    12429    12734  -1.0000  -1.0000  -1.0000  -1.0000
    31925572 fnpc19114.fnal.gov  AuthenticAMD  4999.99  760_3200  2748.030  1960.170     -1    10374    10452  -1.0000  -1.0000  -1.0000  -1.0000
    31925572 fnpc19119.fnal.gov  AuthenticAMD  4999.91  760_3200  2751.170  1963.490     -1    10984    11133  -1.0000  -1.0000  -1.0000  -1.0000
    31925572 fnpc19141.fnal.gov  AuthenticAMD  4999.92  760_3200  2750.070  1962.380     -1    10533    10601  -1.0000  -1.0000  -1.0000  -1.0000
    31925572 fnpc19140.fnal.gov  AuthenticAMD  4999.99  760_3200  2749.210  1913.070     -1    12764    12861  -1.0000  -1.0000  -1.0000  -1.0000
    31925572 fnpc19102.fnal.gov  AuthenticAMD  4999.98  760_3200  2750.050  1941.060     -1     9635     9714  -1.0000  -1.0000  -1.0000  -1.0000
    31925572 fnpc19115.fnal.gov  AuthenticAMD  4999.92  760_3200  2749.640  1962.010     -1    11738    11836  -1.0000  -1.0000  -1.0000  -1.0000
    31925572 fnpc19128.fnal.gov  AuthenticAMD  4999.94  760_3200  2749.300  1913.170     -1    12268    12356  -1.0000  -1.0000  -1.0000  -1.0000
    31925572 fnpc19109.fnal.gov  AuthenticAMD  4999.91  760_3200  2747.060  1944.650     -1    10979    11086  -1.0000  -1.0000  -1.0000  -1.0000
    31925572 fnpc19106.fnal.gov  AuthenticAMD  4999.91  760_3200  2746.930  1900.980     -1    10467    10544  -1.0000  -1.0000  -1.0000  -1.0000
    31925572 fnpc19119.fnal.gov  AuthenticAMD  4999.91  760_3200  2749.170  1946.550     -1    10891    10973  -1.0000  -1.0000  -1.0000  -1.0000
    31925572 fnpc19117.fnal.gov  AuthenticAMD  4999.90  760_3200  2748.480  1961.980     -1    11561    11823  -1.0000  -1.0000  -1.0000  -1.0000
    31925572 fnpc19140.fnal.gov  AuthenticAMD  4999.99  760_3200  2750.260  1899.630     -1    12703    12802  -1.0000  -1.0000  -1.0000  -1.0000
    31925572 fnpc19114.fnal.gov  AuthenticAMD  4999.99  760_3200  2748.220  1945.390     -1     9883     9968  -1.0000  -1.0000  -1.0000  -1.0000
    31925572 fnpc19141.fnal.gov  AuthenticAMD  4999.92  760_3200  2747.660  1959.740     -1    10517    10606  -1.0000  -1.0000  -1.0000  -1.0000
    31925572 fnpc19102.fnal.gov  AuthenticAMD  4999.98  760_3200  2743.070  1938.050     -1     9583     9638  -1.0000  -1.0000  -1.0000  -1.0000
    31925572 fnpc19128.fnal.gov  AuthenticAMD  4999.94  760_3200  2747.990  1960.120     -1    11617    11695  -1.0000  -1.0000  -1.0000  -1.0000
    31925572 fnpc19109.fnal.gov  AuthenticAMD  4999.91  760_3200  2747.820  1960.410     -1    10944    11078  -1.0000  -1.0000  -1.0000  -1.0000
    31925572 fnpc19115.fnal.gov  AuthenticAMD  4999.92  760_3200  2749.260  1913.140     -1    13339    13586  -1.0000  -1.0000  -1.0000  -1.0000
    31925572 fnpc19119.fnal.gov  AuthenticAMD  4999.91  760_3200  2750.980  1963.570     -1    10958    11067  -1.0000  -1.0000  -1.0000  -1.0000
    31925572 fnpc19140.fnal.gov  AuthenticAMD  4999.99  760_3200  2749.900  1962.260     -1    11029    11304  -1.0000  -1.0000  -1.0000  -1.0000
    31925572 fnpc19102.fnal.gov  AuthenticAMD  4999.98  760_3200  2749.610  1942.350     -1     9454     9518  -1.0000  -1.0000  -1.0000  -1.0000
    31925572 fnpc19114.fnal.gov  AuthenticAMD  4999.99  760_3200  2753.530  1963.450     -1    10331    10431  -1.0000  -1.0000  -1.0000  -1.0000
    31925572 fnpc19141.fnal.gov  AuthenticAMD  4999.92  760_3200  2751.750  1964.310     -1    10569    10689  -1.0000  -1.0000  -1.0000  -1.0000
    31925572 fnpc19117.fnal.gov  AuthenticAMD  4999.90  760_3200  2749.170  1899.030     -1    12635    12770  -1.0000  -1.0000  -1.0000  -1.0000
    31925572 fnpc19109.fnal.gov  AuthenticAMD  4999.91  760_3200  2750.230  1947.860     -1    10937    11038  -1.0000  -1.0000  -1.0000  -1.0000
    31925572 fnpc19128.fnal.gov  AuthenticAMD  4999.94  760_3200  2748.380  1912.230     -1    12307    12394  -1.0000  -1.0000  -1.0000  -1.0000
    31925572 fnpc19102.fnal.gov  AuthenticAMD  4999.98  760_3200  2749.260  1941.540     -1     9429     9517  -1.0000  -1.0000  -1.0000  -1.0000
    31925572 fnpc19102.fnal.gov  AuthenticAMD  4999.98  760_3200  2751.490  1958.740     -1     9430     9484  -1.0000  -1.0000  -1.0000  -1.0000
    31925572 fnpc19114.fnal.gov  AuthenticAMD  4999.99  760_3200  2747.900  1948.390     -1     9989    10089  -1.0000  -1.0000  -1.0000  -1.0000
    31925572 fnpc19109.fnal.gov  AuthenticAMD  4999.91  760_3200  2749.520  1914.900     -1    10977    11254  -1.0000  -1.0000  -1.0000  -1.0000
    31925572 fnpc19115.fnal.gov  AuthenticAMD  4999.92  760_3200  2749.520  1915.160     -1    13319    13430  -1.0000  -1.0000  -1.0000  -1.0000
    31925572 fnpc19119.fnal.gov  AuthenticAMD  4999.91  760_3200  2750.870  1948.070     -1    10915    11206  -1.0000  -1.0000  -1.0000  -1.0000
    31925572 fnpc19140.fnal.gov  AuthenticAMD  4999.99  760_3200  2750.180  1962.730     -1    11033    11292  -1.0000  -1.0000  -1.0000  -1.0000
    31925572 fnpc19102.fnal.gov  AuthenticAMD  4999.98  760_3200  2750.140  1956.840     -1     9412     9523  -1.0000  -1.0000  -1.0000  -1.0000
    31925572 fnpc19117.fnal.gov  AuthenticAMD  4999.90  760_3200  2751.660  1916.710     -1    12712    13038  -1.0000  -1.0000  -1.0000  -1.0000
    31925572 fnpc19141.fnal.gov  AuthenticAMD  4999.92  760_3200  2750.980  1963.750     -1    10660    10772  -1.0000  -1.0000  -1.0000  -1.0000
    31925572 fnpc19102.fnal.gov  AuthenticAMD  4999.98  760_3200  2345.590  1651.540     -1      193    16670  -1.0000  -1.0000  -1.0000  -1.0000
    31925572 fnpc19128.fnal.gov  AuthenticAMD  4999.94  760_3200  2750.070  1947.540     -1    11181    11252  -1.0000  -1.0000  -1.0000  -1.0000
    31925572 fnpc19114.fnal.gov  AuthenticAMD  4999.99  760_3200  2748.290  1961.890     -1    10265    10504  -1.0000  -1.0000  -1.0000  -1.0000
    31925572 fnpc19119.fnal.gov  AuthenticAMD  4999.91  760_3200  2749.210  1962.870     -1    11030    11114  -1.0000  -1.0000  -1.0000  -1.0000
    31925572 fnpc19102.fnal.gov  AuthenticAMD  4999.98  760_3200  2750.070  1943.260     -1     9450     9733  -1.0000  -1.0000  -1.0000  -1.0000
    31925572 fnpc19115.fnal.gov  AuthenticAMD  4999.92  760_3200  2749.350  1963.040     -1    11757    11845  -1.0000  -1.0000  -1.0000  -1.0000
    31925572 fnpc19140.fnal.gov  AuthenticAMD  4999.99  760_3200  2747.600  1911.020     -1    12748    12989  -1.0000  -1.0000  -1.0000  -1.0000
    31925572 fnpc19109.fnal.gov  AuthenticAMD  4999.91  760_3200  2749.890  1966.590     -1    10746    10834  -1.0000  -1.0000  -1.0000  -1.0000
    31925572 fnpc19117.fnal.gov  AuthenticAMD  4999.90  760_3200  2748.330  1900.140     -1    12669    12789  -1.0000  -1.0000  -1.0000  -1.0000
    31925572 fnpc19128.fnal.gov  AuthenticAMD  4999.94  760_3200  2748.510  1960.620     -1    11112    11182  -1.0000  -1.0000  -1.0000  -1.0000
    31925572 fnpc19119.fnal.gov  AuthenticAMD  4999.91  760_3200  2745.700  1943.350     -1    10927    11005  -1.0000  -1.0000  -1.0000  -1.0000
    31925572 fnpc19115.fnal.gov  AuthenticAMD  4999.92  760_3200  2749.780  1899.960     -1    13372    13474  -1.0000  -1.0000  -1.0000  -1.0000
    31925572 fnpc19114.fnal.gov  AuthenticAMD  4999.99  760_3200  2747.020  1945.780     -1    10358    10433  -1.0000  -1.0000  -1.0000  -1.0000
    31925572 fnpc19140.fnal.gov  AuthenticAMD  4999.99  760_3200  2747.470  1959.810     -1    11051    11142  -1.0000  -1.0000  -1.0000  -1.0000
    31925572 fnpc19102.fnal.gov  AuthenticAMD  4999.98  760_3200  2747.830  1956.150     -1     9604     9901  -1.0000  -1.0000  -1.0000  -1.0000
    31925572 fnpc19117.fnal.gov  AuthenticAMD  4999.90  760_3200  2748.120  1903.810     -1    12635    12810  -1.0000  -1.0000  -1.0000  -1.0000
    31925572 fnpc19141.fnal.gov  AuthenticAMD  4999.92  760_3200  2750.390  1964.120     -1    10546    10627  -1.0000  -1.0000  -1.0000  -1.0000
    31925572 fnpc19109.fnal.gov  AuthenticAMD  4999.91  760_3200  2748.260  1947.170     -1    10113    10240  -1.0000  -1.0000  -1.0000  -1.0000
    31925572 fnpc19128.fnal.gov  AuthenticAMD  4999.94  760_3200  2748.960  1898.240     -1    12226    12479  -1.0000  -1.0000  -1.0000  -1.0000
    31925572 fnpc19119.fnal.gov  AuthenticAMD  4999.91  760_3200  2749.620  1915.390     -1    13367    13505  -1.0000  -1.0000  -1.0000  -1.0000
    31925572 fnpc19114.fnal.gov  AuthenticAMD  4999.99  760_3200  2748.500  1961.800     -1     9943    10186  -1.0000  -1.0000  -1.0000  -1.0000
    31925572 fnpc19140.fnal.gov  AuthenticAMD  4999.99  760_3200  2747.540  1944.760     -1    10993    11077  -1.0000  -1.0000  -1.0000  -1.0000
    31925572 fnpc19102.fnal.gov  AuthenticAMD  4999.98  760_3200  2748.450  1942.130     -1     9469     9735  -1.0000  -1.0000  -1.0000  -1.0000
    31925572 fnpc19117.fnal.gov  AuthenticAMD  4999.90  760_3200  2749.730  1962.140     -1    11370    11526  -1.0000  -1.0000  -1.0000  -1.0000
    31925572 fnpc19109.fnal.gov  AuthenticAMD  4999.91  760_3200  2747.880  1895.530     -1    14320    49032  -1.0000  -1.0000  -1.0000  -1.0000
    31925572 fnpc19115.fnal.gov  AuthenticAMD  4999.92  760_3200  2746.850  1945.440     -1    11878    11991  -1.0000  -1.0000  -1.0000  -1.0000
    31925572 fnpc19141.fnal.gov  AuthenticAMD  4999.92  760_3200  2749.060  1947.740     -1    10645    10742  -1.0000  -1.0000  -1.0000  -1.0000
    31925572 fnpc19128.fnal.gov  AuthenticAMD  4999.94  760_3200  2752.790  1965.220     -1    12010    12115  -1.0000  -1.0000  -1.0000  -1.0000
    31925572 fnpc19119.fnal.gov  AuthenticAMD  4999.91  760_3200  2346.350  1655.070     -1      236    16441  -1.0000  -1.0000  -1.0000  -1.0000
    31925572 fnpc19140.fnal.gov  AuthenticAMD  4999.99  760_3200  2751.560  1964.020     -1    11020    11097  -1.0000  -1.0000  -1.0000  -1.0000
    31925572 fnpc19102.fnal.gov  AuthenticAMD  4999.98  760_3200  2750.320  1942.930     -1     9472     9534  -1.0000  -1.0000  -1.0000  -1.0000
    31925572 fnpc19109.fnal.gov  AuthenticAMD  4999.91  760_3200  2748.280  1946.910     -1    10955    11079  -1.0000  -1.0000  -1.0000  -1.0000
    31925572 fnpc9069.fnal.gov   GenuineIntel  4799.71  760_3200  2750.310  1906.670     -1    14039    14321  -1.0000  -1.0000  -1.0000  -1.0000
    31925572 fnpc19114.fnal.gov  AuthenticAMD  4999.99  760_3200  2750.410  1964.680     -1     9946    10027  -1.0000  -1.0000  -1.0000  -1.0000
    31925572 fnpc19141.fnal.gov  AuthenticAMD  4999.92  760_3200  2750.750  1953.200     -1    10573    10661  -1.0000  -1.0000  -1.0000  -1.0000
    31925572 fnpc19128.fnal.gov  AuthenticAMD  4999.94  760_3200  2748.600  1961.120     -1    11037    11150  -1.0000  -1.0000  -1.0000  -1.0000
    31925572 fnpc19119.fnal.gov  AuthenticAMD  4999.91  760_3200  2747.140  1897.270     -1    13344    13466  -1.0000  -1.0000  -1.0000  -1.0000
    31925572 fnpc19140.fnal.gov  AuthenticAMD  4999.99  760_3200  2748.650  1912.270     -1    12834    12937  -1.0000  -1.0000  -1.0000  -1.0000
    31925572 fnpc19102.fnal.gov  AuthenticAMD  4999.98  760_3200  2341.810  1643.620     -1      153    20915  -1.0000  -1.0000  -1.0000  -1.0000
    31925572 fnpc19109.fnal.gov  AuthenticAMD  4999.91  760_3200  2749.280  1948.700     -1     9977    10115  -1.0000  -1.0000  -1.0000  -1.0000
    31925572 fnpc19114.fnal.gov  AuthenticAMD  4999.99  760_3200  2746.600  1948.820     -1    10391    10623  -1.0000  -1.0000  -1.0000  -1.0000
    31925572 fnpc19115.fnal.gov  AuthenticAMD  4999.92  760_3200  2747.810  1898.700     -1    13406    13513  -1.0000  -1.0000  -1.0000  -1.0000
    31925572 fnpc19128.fnal.gov  AuthenticAMD  4999.94  760_3200  2748.230  1911.990     -1    12343    12460  -1.0000  -1.0000  -1.0000  -1.0000
    31925572 fnpc19102.fnal.gov  AuthenticAMD  4999.98  760_3200  2747.050  1955.250     -1     9401     9662  -1.0000  -1.0000  -1.0000  -1.0000
    31925572 fnpc19141.fnal.gov  AuthenticAMD  4999.92  760_3200  2749.260  1948.110     -1    10618    10707  -1.0000  -1.0000  -1.0000  -1.0000
    31925572 fnpc19119.fnal.gov  AuthenticAMD  4999.91  760_3200  2747.830  1945.910     -1    10951    11070  -1.0000  -1.0000  -1.0000  -1.0000
    31925572 fnpc19115.fnal.gov  AuthenticAMD  4999.92  760_3200  2750.310  1917.540     -1    13368    13472  -1.0000  -1.0000  -1.0000  -1.0000
    31925572 fnpc19128.fnal.gov  AuthenticAMD  4999.94  760_3200  2748.440  1945.990     -1    11060    11219  -1.0000  -1.0000  -1.0000  -1.0000
    31925572 fnpc19140.fnal.gov  AuthenticAMD  4999.99  760_3200  2751.030  1916.130     -1    12804    12906  -1.0000  -1.0000  -1.0000  -1.0000
    31925572 fnpc19102.fnal.gov  AuthenticAMD  4999.98  760_3200  2747.510  1942.020     -1     9403     9593  -1.0000  -1.0000  -1.0000  -1.0000
    31925572 fnpc19114.fnal.gov  AuthenticAMD  4999.99  760_3200  2747.720  1962.650     -1    10260    10368  -1.0000  -1.0000  -1.0000  -1.0000
    31925572 fnpc19128.fnal.gov  AuthenticAMD  4999.94  760_3200  2746.690  1944.290     -1    11103    11171  -1.0000  -1.0000  -1.0000  -1.0000
    31925572 fnpc19102.fnal.gov  AuthenticAMD  4999.98  760_3200  2748.780  1946.010     -1     9432     9492  -1.0000  -1.0000  -1.0000  -1.0000
    31925572 fnpc19115.fnal.gov  AuthenticAMD  4999.92  760_3200  2748.410  1913.670     -1    13340    13446  -1.0000  -1.0000  -1.0000  -1.0000
    31925572 fnpc19141.fnal.gov  AuthenticAMD  4999.92  760_3200  2749.260  1947.980     -1    10698    10777  -1.0000  -1.0000  -1.0000  -1.0000
    31925572 fnpc19115.fnal.gov  AuthenticAMD  4999.92  760_3200  2748.850  1947.580     -1    11757    11851  -1.0000  -1.0000  -1.0000  -1.0000
    31925572 fnpc19140.fnal.gov  AuthenticAMD  4999.99  760_3200  2746.090  1911.240     -1    12704    12807  -1.0000  -1.0000  -1.0000  -1.0000
    31925572 fnpc19128.fnal.gov  AuthenticAMD  4999.94  760_3200  2749.460  1962.340     -1    11052    11127  -1.0000  -1.0000  -1.0000  -1.0000
    31925572 fnpc19128.fnal.gov  AuthenticAMD  4999.94  760_3200  2750.600  1948.400     -1    11019    11105  -1.0000  -1.0000  -1.0000  -1.0000
    31925572 fnpc19140.fnal.gov  AuthenticAMD  4999.99  760_3200  2747.120  1914.200     -1    12767    12888  -1.0000  -1.0000  -1.0000  -1.0000
    31925572 fnpc19128.fnal.gov  AuthenticAMD  4999.94  760_3200  2748.500  1966.040     -1    11089    11163  -1.0000  -1.0000  -1.0000  -1.0000
    31925572 fnpc19140.fnal.gov  AuthenticAMD  4999.99  760_3200  2751.180  1917.530     -1    12779    12913  -1.0000  -1.0000  -1.0000  -1.0000
    31925572 fnpc19115.fnal.gov  AuthenticAMD  4999.92  760_3200  2750.890  1905.970     -1    13329    13443  -1.0000  -1.0000  -1.0000  -1.0000
