jobid/I:node_name/C:cpu_id/C:bogomips/F:dsid/C:vmpeak/F:vmhwm/F:tstage/I:totcpu/I:totwall/I:tfull/F:tistn/F:tkffpar/F:tkffdar/F
     7182535 fnpc5024.fnal.gov   AuthenticAMD  4600.06  760_1000  1379.850   686.449     -1     2113     2413  -1.0000  -1.0000  -1.0000  -1.0000
     7182535 fnpc8203.fnal.gov   GenuineIntel  4612.00  760_1000  1379.480   677.855     -1     1231     1395  -1.0000  -1.0000  -1.0000  -1.0000
     7182535 fnpc8201.fnal.gov   GenuineIntel  4611.97  760_1000  1379.580   675.742     -1     1358     1504  -1.0000  -1.0000  -1.0000  -1.0000
     7182535 fnpc8204.fnal.gov   GenuineIntel  4607.11  760_1000  1379.580   687.923     -1     1191     1356  -1.0000  -1.0000  -1.0000  -1.0000
     7182535 fnpc7310.fnal.gov   GenuineIntel  4616.85  760_1000  1379.260   691.360     -1     1128     1302  -1.0000  -1.0000  -1.0000  -1.0000
     7182535 fnpc7208.fnal.gov   GenuineIntel  4605.61  760_1000  1379.170   687.100     -1     1403     1570  -1.0000  -1.0000  -1.0000  -1.0000
     7182535 fnpc8016.fnal.gov   GenuineIntel  4605.51  760_1000  1379.320   687.452     -1     1073     1716  -1.0000  -1.0000  -1.0000  -1.0000
     7182535 fnpc7207.fnal.gov   GenuineIntel  4605.76  760_1000  1379.110   690.708     -1     1109     1479  -1.0000  -1.0000  -1.0000  -1.0000
     7182535 fnpc6027.fnal.gov   AuthenticAMD  4599.76  760_1000  1379.550   690.377     -1     2109     2836  -1.0000  -1.0000  -1.0000  -1.0000
     7182535 fnpc7302.fnal.gov   GenuineIntel  4616.36  760_1000  1379.840   691.057     -1     1133     1303  -1.0000  -1.0000  -1.0000  -1.0000
     7182535 fnpc5005.fnal.gov   AuthenticAMD  4600.06  760_1000  1379.470   686.797     -1     2145     3171  -1.0000  -1.0000  -1.0000  -1.0000
     7182535 fnpc8001.fnal.gov   GenuineIntel  4605.88  760_1000  1379.460   684.847     -1     1121     2013  -1.0000  -1.0000  -1.0000  -1.0000
     7182535 fnpc7006.fnal.gov   AuthenticAMD  4599.39  760_1000  1379.680   686.506     -1     1936     2966  -1.0000  -1.0000  -1.0000  -1.0000
     7182535 fnpc8027.fnal.gov   GenuineIntel  4605.61  760_1000  1379.680   685.666     -1     1047     1670  -1.0000  -1.0000  -1.0000  -1.0000
     7182535 fnpc5001.fnal.gov   AuthenticAMD  4600.07  760_1000  1379.610   686.518     -1     2008     2274  -1.0000  -1.0000  -1.0000  -1.0000
     7182535 fnpc7011.fnal.gov   AuthenticAMD  4599.41  760_1000  1379.320   685.302     -1     2060     4449  -1.0000  -1.0000  -1.0000  -1.0000
     7182535 fnpc6001.fnal.gov   AuthenticAMD  4599.76  760_1000  1379.510   691.593     -1     2103     2482  -1.0000  -1.0000  -1.0000  -1.0000
     7182535 fnpc17138.fnal.gov  GenuineIntel  4605.77  760_1000  1379.580   687.247     -1      906     1096  -1.0000  -1.0000  -1.0000  -1.0000
     7182535 fnpc9063.fnal.gov   GenuineIntel  4799.72  760_1000  1383.920   687.821     -1      888     1077  -1.0000  -1.0000  -1.0000  -1.0000
     7182535 fnpc7019.fnal.gov   AuthenticAMD  4599.44  760_1000  1379.520   685.801     -1     2101     2549  -1.0000  -1.0000  -1.0000  -1.0000
     7182535 fnpc9076.fnal.gov   GenuineIntel  4799.34  760_1000  1379.770   686.711     -1      877     1984  -1.0000  -1.0000  -1.0000  -1.0000
     7182535 fnpc17116.fnal.gov  GenuineIntel  4605.60  760_1000  1379.790   686.449     -1      824     1188  -1.0000  -1.0000  -1.0000  -1.0000
     7182535 fnpc5026.fnal.gov   AuthenticAMD  4600.10  760_1000  1379.500   686.531     -1     2117     2322  -1.0000  -1.0000  -1.0000  -1.0000
     7182535 fnpc7009.fnal.gov   AuthenticAMD  4599.40  760_1000  1379.500   687.768     -1     1928     2824  -1.0000  -1.0000  -1.0000  -1.0000
     7182535 fnpc17103.fnal.gov  GenuineIntel  4606.39  760_1000  1379.880   666.132     -1      172      249  -1.0000  -1.0000  -1.0000  -1.0000
