jobid/I:node_name/C:cpu_id/C:bogomips/F:dsid/C:vmpeak/F:vmhwm/F:tstage/I:totcpu/I:totwall/I:tfull/F:tistn/F:tkffpar/F:tkffdar/F
    24899282 fnpc8019.fnal.gov   GenuineIntel  4611.57  711_2000  1491.940   848.433      7    26789    26904  -1.0000  -1.0000  -1.0000  -1.0000
    24899282 fnpc8025.fnal.gov   GenuineIntel  4605.57  711_2000  1494.460   844.333      4    28402    28444  -1.0000  -1.0000  -1.0000  -1.0000
    24899282 fnpc8027.fnal.gov   GenuineIntel  4611.69  711_2000  1494.720   784.527     11    32664    32728  -1.0000  -1.0000  -1.0000  -1.0000
    24899282 fnpc17150.fnal.gov  GenuineIntel  4605.26  711_2000  1493.830   872.563      2    35901    36618  -1.0000  -1.0000  -1.0000  -1.0000
    24899282 fnpc17116.fnal.gov  GenuineIntel  4604.92  711_2000  1494.460   848.261     12    37756    37991  -1.0000  -1.0000  -1.0000  -1.0000
    24899282 fnpc17160.fnal.gov  GenuineIntel  4605.39  711_2000  1494.710   873.611      3    35655    35926  -1.0000  -1.0000  -1.0000  -1.0000
    24899282 fnpc9061.fnal.gov   GenuineIntel  4799.33  711_2000  1496.060   847.827      8    37443    37616  -1.0000  -1.0000  -1.0000  -1.0000
    24899282 fnpc9049.fnal.gov   GenuineIntel  4799.31  711_2000  1494.120   844.784      2    39446    39933  -1.0000  -1.0000  -1.0000  -1.0000
    24899282 fnpc17144.fnal.gov  GenuineIntel  4605.16  711_2000  1500.080   874.217      2    38854    39172  -1.0000  -1.0000  -1.0000  -1.0000
    24899282 fnpc17159.fnal.gov  GenuineIntel  4605.05  711_2000  1494.450   872.018      4    33101    33371  -1.0000  -1.0000  -1.0000  -1.0000
    24899282 fnpc17155.fnal.gov  GenuineIntel  4605.44  711_2000  1499.090   844.530      4    35975    36750  -1.0000  -1.0000  -1.0000  -1.0000
    24899282 fnpc9057.fnal.gov   GenuineIntel  4800.11  711_2000  1497.000   848.568      3    36555    37368  -1.0000  -1.0000  -1.0000  -1.0000
    24899282 fnpc17148.fnal.gov  GenuineIntel  4604.65  711_2000  1494.910   871.563      2    34435    34693  -1.0000  -1.0000  -1.0000  -1.0000
    24899282 fnpc9048.fnal.gov   GenuineIntel  4799.64  711_2000  1493.850   849.129      2    38901    39182  -1.0000  -1.0000  -1.0000  -1.0000
    24899282 fnpc17120.fnal.gov  GenuineIntel  4605.71  711_2000  1493.870   849.900      4    36664    36981  -1.0000  -1.0000  -1.0000  -1.0000
    24899282 fnpc17119.fnal.gov  GenuineIntel  4605.18  711_2000  1496.020   875.618     16    34070    34643  -1.0000  -1.0000  -1.0000  -1.0000
    24899282 fnpc9045.fnal.gov   GenuineIntel  4799.72  711_2000  1494.410   866.427      2    31291    32412  -1.0000  -1.0000  -1.0000  -1.0000
    24899282 fnpc9061.fnal.gov   GenuineIntel  4799.33  711_2000  1494.840   846.467      8    37516    37709  -1.0000  -1.0000  -1.0000  -1.0000
    24899282 fnpc9047.fnal.gov   GenuineIntel  4799.32  711_2000  1494.340   875.295      2    38129    38665  -1.0000  -1.0000  -1.0000  -1.0000
    24899282 fnpc9061.fnal.gov   GenuineIntel  4799.33  711_2000  1498.500   846.479      2    37591    37751  -1.0000  -1.0000  -1.0000  -1.0000
    24899282 fnpc17128.fnal.gov  GenuineIntel  4605.36  711_2000  1495.740   845.410      5    34534    35550  -1.0000  -1.0000  -1.0000  -1.0000
    24899282 fnpc9056.fnal.gov   GenuineIntel  4799.31  711_2000  1493.130   872.051     97    37782    38253  -1.0000  -1.0000  -1.0000  -1.0000
    24899282 fnpc8009.fnal.gov   GenuineIntel  4605.34  711_2000  1496.230   851.194      2    34546    34588  -1.0000  -1.0000  -1.0000  -1.0000
    24899282 fnpc8027.fnal.gov   GenuineIntel  4611.69  711_2000  1496.960   786.645      6    32562    32617  -1.0000  -1.0000  -1.0000  -1.0000
    24899282 fnpc9030.fnal.gov   GenuineIntel  4799.33  711_2000  1497.580   847.950      3    38431    38843  -1.0000  -1.0000  -1.0000  -1.0000
    24899282 fnpc17139.fnal.gov  GenuineIntel  4605.34  711_2000  1494.410   869.282      2    36994    37268  -1.0000  -1.0000  -1.0000  -1.0000
    24899282 fnpc9066.fnal.gov   GenuineIntel  4799.34  711_2000  1495.610   873.677      4    39147    39498  -1.0000  -1.0000  -1.0000  -1.0000
    24899282 fnpc17109.fnal.gov  GenuineIntel  4605.04  711_2000  1494.890   846.373      2    38508    38727  -1.0000  -1.0000  -1.0000  -1.0000
    24899282 fnpc17115.fnal.gov  GenuineIntel  4605.35  711_2000  1495.520   873.370      3    36041    36318  -1.0000  -1.0000  -1.0000  -1.0000
    24899282 fnpc17101.fnal.gov  GenuineIntel  4605.29  711_2000  1494.420   867.492      2    36142    36396  -1.0000  -1.0000  -1.0000  -1.0000
    24899282 fnpc8208.fnal.gov   GenuineIntel  4605.80  711_2000  1494.630   849.015      2    32596    32635  -1.0000  -1.0000  -1.0000  -1.0000
    24899282 fnpc8209.fnal.gov   GenuineIntel  4605.56  711_2000  1494.420   872.952      2    32055    32093  -1.0000  -1.0000  -1.0000  -1.0000
    24899282 fnpc17150.fnal.gov  GenuineIntel  4605.26  711_2000  1495.010   873.574      3    36280    36881  -1.0000  -1.0000  -1.0000  -1.0000
    24899282 fnpc9061.fnal.gov   GenuineIntel  4799.33  711_2000  1494.380   847.430      3    37133    37310  -1.0000  -1.0000  -1.0000  -1.0000
    24899282 fnpc9040.fnal.gov   GenuineIntel  4799.39  711_2000  1497.190   878.731      2    36380    36759  -1.0000  -1.0000  -1.0000  -1.0000
    24899282 fnpc17151.fnal.gov  GenuineIntel  4604.97  711_2000  1492.440   870.908      4    34121    34847  -1.0000  -1.0000  -1.0000  -1.0000
    24899282 fnpc9071.fnal.gov   GenuineIntel  4800.39  711_2000  1498.250   847.720      3    39600    39708  -1.0000  -1.0000  -1.0000  -1.0000
    24899282 fnpc17131.fnal.gov  GenuineIntel  4604.72  711_2000  1494.410   837.030      6    36306    36613  -1.0000  -1.0000  -1.0000  -1.0000
    24899282 fnpc9104.fnal.gov   GenuineIntel  4799.63  711_2000  1498.320   841.728      2    38554    38634  -1.0000  -1.0000  -1.0000  -1.0000
    24899282 fnpc17155.fnal.gov  GenuineIntel  4605.44  711_2000  1495.490   863.551      3    34198    34765  -1.0000  -1.0000  -1.0000  -1.0000
    24899282 fnpc7209.fnal.gov   GenuineIntel  4605.63  711_2000  1495.130   871.539      2    45911    46137  -1.0000  -1.0000  -1.0000  -1.0000
    24899282 fnpc17110.fnal.gov  GenuineIntel  4605.33  711_2000  1493.560   847.864     11    38307    38557  -1.0000  -1.0000  -1.0000  -1.0000
    24899282 fnpc17154.fnal.gov  GenuineIntel  4605.84  711_2000  1496.850   874.500      2    37452    37622  -1.0000  -1.0000  -1.0000  -1.0000
    24899282 fnpc17105.fnal.gov  GenuineIntel  4605.40  711_2000  1497.760   851.960      3    36691    36978  -1.0000  -1.0000  -1.0000  -1.0000
    24899282 fnpc8027.fnal.gov   GenuineIntel  4611.69  711_2000  1497.370   849.711      2    32563    32609  -1.0000  -1.0000  -1.0000  -1.0000
    24899282 fnpc7212.fnal.gov   GenuineIntel  4605.47  711_2000  1494.750   872.919      2    44431    44632  -1.0000  -1.0000  -1.0000  -1.0000
    24899282 fnpc17114.fnal.gov  GenuineIntel  4605.33  711_2000  1498.170   875.839      5    34239    34610  -1.0000  -1.0000  -1.0000  -1.0000
    24899282 fnpc17154.fnal.gov  GenuineIntel  4605.84  711_2000  1494.150   871.707      2    37207    37367  -1.0000  -1.0000  -1.0000  -1.0000
    24899282 fnpc17110.fnal.gov  GenuineIntel  4605.33  711_2000  1494.720   852.136     11    38344    38562  -1.0000  -1.0000  -1.0000  -1.0000
    24899282 fnpc17114.fnal.gov  GenuineIntel  4605.33  711_2000  1495.470   873.796      5    34964    35568  -1.0000  -1.0000  -1.0000  -1.0000
    24899282 fnpc8019.fnal.gov   GenuineIntel  4611.57  711_2000  1495.050   869.782      5    34263    34353  -1.0000  -1.0000  -1.0000  -1.0000
    24899282 fnpc9049.fnal.gov   GenuineIntel  4799.31  711_2000  1495.640   864.547      2    39629    40028  -1.0000  -1.0000  -1.0000  -1.0000
    24899282 fnpc9104.fnal.gov   GenuineIntel  4799.63  711_2000  1495.390   846.987      1    38120    38210  -1.0000  -1.0000  -1.0000  -1.0000
    24899282 fnpc17103.fnal.gov  GenuineIntel  4605.19  711_2000  1493.440   848.601      2    39532    40168  -1.0000  -1.0000  -1.0000  -1.0000
    24899282 fnpc9077.fnal.gov   GenuineIntel  4799.32  711_2000  1494.500   862.319      3    38651    38932  -1.0000  -1.0000  -1.0000  -1.0000
    24899282 fnpc9021.fnal.gov   GenuineIntel  4799.72  711_2000  1494.840   848.626      3    36292    36673  -1.0000  -1.0000  -1.0000  -1.0000
    24899282 fnpc7201.fnal.gov   GenuineIntel  4611.96  711_2000  1493.050   845.844      3    44538    44735  -1.0000  -1.0000  -1.0000  -1.0000
    24899282 fnpc17109.fnal.gov  GenuineIntel  4605.04  711_2000  1495.160   874.275      2    38699    38972  -1.0000  -1.0000  -1.0000  -1.0000
    24899282 fnpc17122.fnal.gov  GenuineIntel  4605.56  711_2000  1494.300   847.720      2    40975    41246  -1.0000  -1.0000  -1.0000  -1.0000
    24899282 fnpc9070.fnal.gov   GenuineIntel  4799.66  711_2000  1494.440   873.673      3    39789    39953  -1.0000  -1.0000  -1.0000  -1.0000
    24899282 fnpc8025.fnal.gov   GenuineIntel  4605.57  711_2000  1493.980   835.162      2    28238    28252  -1.0000  -1.0000  -1.0000  -1.0000
    24899282 fnpc7306.fnal.gov   GenuineIntel  4618.47  711_2000  1495.090   847.348      5    44893    45047  -1.0000  -1.0000  -1.0000  -1.0000
    24899282 fnpc8025.fnal.gov   GenuineIntel  4605.57  711_2000  1499.510   874.799      2    28083    28101  -1.0000  -1.0000  -1.0000  -1.0000
    24899282 fnpc7306.fnal.gov   GenuineIntel  4618.47  711_2000  1496.930   847.938      5    45724    45860  -1.0000  -1.0000  -1.0000  -1.0000
    24899282 fnpc9063.fnal.gov   GenuineIntel  4799.35  711_2000  1497.870   849.076      2    36644    37184  -1.0000  -1.0000  -1.0000  -1.0000
    24899282 fnpc17131.fnal.gov  GenuineIntel  4604.72  711_2000  1494.900   846.574      3    36343    36670  -1.0000  -1.0000  -1.0000  -1.0000
    24899282 fnpc17128.fnal.gov  GenuineIntel  4605.36  711_2000  1494.900   849.523      3    34348    34729  -1.0000  -1.0000  -1.0000  -1.0000
    24899282 fnpc8004.fnal.gov   GenuineIntel  4605.51  711_2000  1498.320   860.688     67    43212    43428  -1.0000  -1.0000  -1.0000  -1.0000
    25110139 fnpc6007.fnal.gov   AuthenticAMD  4599.47  711_2000  1495.300   871.686     11    69188    69775  -1.0000  -1.0000  -1.0000  -1.0000
    25110139 fnpc9002.fnal.gov   GenuineIntel  4799.37  711_2000  1498.470   844.579     24    37158    37339  -1.0000  -1.0000  -1.0000  -1.0000
    25110139 fnpc9106.fnal.gov   GenuineIntel  4799.33  711_2000  1495.880   874.521      4    36653    36727  -1.0000  -1.0000  -1.0000  -1.0000
    25110139 fnpc5036.fnal.gov   AuthenticAMD  4600.05  711_2000  1494.470   871.629      6    56147    56523  -1.0000  -1.0000  -1.0000  -1.0000
    25110139 fnpc9059.fnal.gov   GenuineIntel  4800.41  711_2000  1496.590   867.078      7    35697    35810  -1.0000  -1.0000  -1.0000  -1.0000
    25110139 fnpc9025.fnal.gov   GenuineIntel  4800.08  711_2000  1495.230   872.235      6    34514    34643  -1.0000  -1.0000  -1.0000  -1.0000
    25110139 fnpc9051.fnal.gov   GenuineIntel  4799.31  711_2000  1494.490   872.083      5    33761    33868  -1.0000  -1.0000  -1.0000  -1.0000
    25110139 fnpc9072.fnal.gov   GenuineIntel  4799.34  711_2000  1492.190   846.270     11    35580    35667  -1.0000  -1.0000  -1.0000  -1.0000
    25110139 fnpc8021.fnal.gov   GenuineIntel  4605.84  711_2000  1494.610   851.771      5    40747    40886  -1.0000  -1.0000  -1.0000  -1.0000
    25110139 fnpc17103.fnal.gov  GenuineIntel  4605.19  711_2000  1494.380   854.876      5    34560    34768  -1.0000  -1.0000  -1.0000  -1.0000
    25110139 fnpc9040.fnal.gov   GenuineIntel  4799.39  711_2000  1493.430   847.843      5    36006    36091  -1.0000  -1.0000  -1.0000  -1.0000
    25110139 fnpc9075.fnal.gov   GenuineIntel  4800.47  711_2000  1495.580   872.878      5    36857    36962  -1.0000  -1.0000  -1.0000  -1.0000
    25110139 fnpc9039.fnal.gov   GenuineIntel  4799.30  711_2000  1497.350   782.795      7    35877    35944  -1.0000  -1.0000  -1.0000  -1.0000
    25110139 fnpc17126.fnal.gov  GenuineIntel  4605.58  711_2000  1494.090   871.715      5    35776    36057  -1.0000  -1.0000  -1.0000  -1.0000
    25110139 fnpc17120.fnal.gov  GenuineIntel  4605.71  711_2000  1496.420   874.824      4    35109    35261  -1.0000  -1.0000  -1.0000  -1.0000
    25110139 fnpc17153.fnal.gov  GenuineIntel  4605.73  711_2000  1497.550   869.708      6    34444    34656  -1.0000  -1.0000  -1.0000  -1.0000
    25110139 fnpc9038.fnal.gov   GenuineIntel  4799.33  711_2000  1493.390   868.065      6    34014    34153  -1.0000  -1.0000  -1.0000  -1.0000
    25110139 fnpc9105.fnal.gov   GenuineIntel  4799.72  711_2000  1494.930   872.919      6    35844    35897  -1.0000  -1.0000  -1.0000  -1.0000
    25110139 fnpc7208.fnal.gov   GenuineIntel  4606.08  711_2000  1496.920   855.286      4    40470    40586  -1.0000  -1.0000  -1.0000  -1.0000
    25110139 fnpc8204.fnal.gov   GenuineIntel  4606.12  711_2000  1494.850   877.130   2185    38699    39081  -1.0000  -1.0000  -1.0000  -1.0000
    25110139 fnpc8208.fnal.gov   GenuineIntel  4605.66  711_2000  1499.060   879.632      6    32839    33272  -1.0000  -1.0000  -1.0000  -1.0000
    25110139 fnpc9021.fnal.gov   GenuineIntel  4799.72  711_2000  1497.000   853.135      5    37623    37712  -1.0000  -1.0000  -1.0000  -1.0000
    25110139 fnpc17125.fnal.gov  GenuineIntel  4604.96  711_2000  1496.690   848.712   2150    33009    33119  -1.0000  -1.0000  -1.0000  -1.0000
    25110139 fnpc6031.fnal.gov   AuthenticAMD  4599.77  711_2000  1496.300   859.042      8    58136    58447  -1.0000  -1.0000  -1.0000  -1.0000
    25110139 fnpc7030.fnal.gov   AuthenticAMD  4599.39  711_2000  1495.440   853.094   1838    69164    69496  -1.0000  -1.0000  -1.0000  -1.0000
    25110139 fnpc9070.fnal.gov   GenuineIntel  4799.66  711_2000  1494.820   792.809   1996    29183    29207  -1.0000  -1.0000  -1.0000  -1.0000
    25110139 fnpc9070.fnal.gov   GenuineIntel  4799.66  711_2000  1495.810   792.965   1996    28862    28888  -1.0000  -1.0000  -1.0000  -1.0000
    25110139 fnpc9105.fnal.gov   GenuineIntel  4799.72  711_2000  1495.710   872.661      2    35269    35312  -1.0000  -1.0000  -1.0000  -1.0000
    25110139 fnpc9021.fnal.gov   GenuineIntel  4799.72  711_2000  1494.920   836.092   2164    37991    38061  -1.0000  -1.0000  -1.0000  -1.0000
    25110139 fnpc6031.fnal.gov   AuthenticAMD  4599.77  711_2000  1495.890   857.706      9    58491    58775  -1.0000  -1.0000  -1.0000  -1.0000
    25110139 fnpc9070.fnal.gov   GenuineIntel  4799.66  711_2000  1494.520   792.273   1996    29010    29025  -1.0000  -1.0000  -1.0000  -1.0000
    25110139 fnpc17125.fnal.gov  GenuineIntel  4604.96  711_2000  1494.600   849.510   2149    33065    33182  -1.0000  -1.0000  -1.0000  -1.0000
    25110139 fnpc7030.fnal.gov   AuthenticAMD  4599.39  711_2000  1495.490   852.001   1837    69194    69580  -1.0000  -1.0000  -1.0000  -1.0000
    25110139 fnpc6031.fnal.gov   AuthenticAMD  4599.77  711_2000  1494.640   813.003   1962    58346    58623  -1.0000  -1.0000  -1.0000  -1.0000
    25110139 fnpc9070.fnal.gov   GenuineIntel  4799.66  711_2000  1497.090   876.126   2011    28895    28913  -1.0000  -1.0000  -1.0000  -1.0000
    25110139 fnpc7030.fnal.gov   AuthenticAMD  4599.39  711_2000  1496.510   852.201   1833    65084    65423  -1.0000  -1.0000  -1.0000  -1.0000
    25110139 fnpc9070.fnal.gov   GenuineIntel  4799.66  711_2000  1498.400   793.047   2001    29102    29137  -1.0000  -1.0000  -1.0000  -1.0000
    25110139 fnpc6031.fnal.gov   AuthenticAMD  4599.77  711_2000  1495.450   837.751   1965    58633    58871  -1.0000  -1.0000  -1.0000  -1.0000
    25110139 fnpc7030.fnal.gov   AuthenticAMD  4599.39  711_2000  1495.010   852.337   1833    69123    69476  -1.0000  -1.0000  -1.0000  -1.0000
    25110139 fnpc9070.fnal.gov   GenuineIntel  4799.66  711_2000  1494.990   794.042   2000    28512    28540  -1.0000  -1.0000  -1.0000  -1.0000
    25110139 fnpc7030.fnal.gov   AuthenticAMD  4599.39  711_2000  1494.610   853.307   1834    64539    64844  -1.0000  -1.0000  -1.0000  -1.0000
    25110139 fnpc6031.fnal.gov   AuthenticAMD  4599.77  711_2000  1495.710   851.845   1966    59835    60135  -1.0000  -1.0000  -1.0000  -1.0000
    25110139 fnpc9070.fnal.gov   GenuineIntel  4799.66  711_2000  1495.350   795.275   2002    29286    29303  -1.0000  -1.0000  -1.0000  -1.0000
    25110139 fnpc9070.fnal.gov   GenuineIntel  4799.66  711_2000  1498.080   796.049   2001    28682    28709  -1.0000  -1.0000  -1.0000  -1.0000
    25110139 fnpc7030.fnal.gov   AuthenticAMD  4599.39  711_2000  1497.120   852.828   1839    68484    68843  -1.0000  -1.0000  -1.0000  -1.0000
    25110139 fnpc9070.fnal.gov   GenuineIntel  4799.66  711_2000  1495.300   856.424     10    27817    27852  -1.0000  -1.0000  -1.0000  -1.0000
    25110139 fnpc9070.fnal.gov   GenuineIntel  4799.66  711_2000  1499.530   794.075   2002    29224    29345  -1.0000  -1.0000  -1.0000  -1.0000
    25110139 fnpc6031.fnal.gov   AuthenticAMD  4599.77  711_2000  1497.490   867.521   2262    59074    59330  -1.0000  -1.0000  -1.0000  -1.0000
    25110139 fnpc7030.fnal.gov   AuthenticAMD  4599.39  711_2000  1494.440   878.694   2137    65378    65741  -1.0000  -1.0000  -1.0000  -1.0000
    25110139 fnpc9070.fnal.gov   GenuineIntel  4799.66  711_2000  1494.340   854.938     10    28046    28073  -1.0000  -1.0000  -1.0000  -1.0000
    25110139 fnpc6031.fnal.gov   AuthenticAMD  4599.77  711_2000  1495.310   866.791   2262    59649    59940  -1.0000  -1.0000  -1.0000  -1.0000
    25110139 fnpc7030.fnal.gov   AuthenticAMD  4599.39  711_2000  1495.580   863.863   2137    66947    67322  -1.0000  -1.0000  -1.0000  -1.0000
    25110139 fnpc6031.fnal.gov   AuthenticAMD  4599.77  711_2000  1497.330   858.440      9    58879    59193  -1.0000  -1.0000  -1.0000  -1.0000
    25110139 fnpc7030.fnal.gov   AuthenticAMD  4599.39  711_2000  1494.650   837.050   2135    64782    65103  -1.0000  -1.0000  -1.0000  -1.0000
    25110139 fnpc6031.fnal.gov   AuthenticAMD  4599.77  711_2000  1496.170   879.612   2263    61853    62146  -1.0000  -1.0000  -1.0000  -1.0000
    25110139 fnpc6031.fnal.gov   AuthenticAMD  4599.77  711_2000  1495.690   869.085   2263    57605    57897  -1.0000  -1.0000  -1.0000  -1.0000
    25110139 fnpc7030.fnal.gov   AuthenticAMD  4599.39  711_2000  1496.300   841.273   2135    68929    69292  -1.0000  -1.0000  -1.0000  -1.0000
    25110139 fnpc9053.fnal.gov   GenuineIntel  4799.63  711_2000  1495.870   875.594      5    36885    36951  -1.0000  -1.0000  -1.0000  -1.0000
    25110139 fnpc6010.fnal.gov   AuthenticAMD  4599.37  711_2000  1493.810   870.404   2367    64757    65151  -1.0000  -1.0000  -1.0000  -1.0000
    25110139 fnpc8011.fnal.gov   GenuineIntel  4605.90  711_2000  1495.140   876.630   2395    43290    43528  -1.0000  -1.0000  -1.0000  -1.0000
    25110139 fnpc5029.fnal.gov   AuthenticAMD  4600.07  711_2000  1496.160   875.205   2406    54036    54281  -1.0000  -1.0000  -1.0000  -1.0000
    25110139 fnpc17115.fnal.gov  GenuineIntel  4605.35  711_2000  1493.060   872.210   2353    34087    34274  -1.0000  -1.0000  -1.0000  -1.0000
    25110139 fnpc9016.fnal.gov   GenuineIntel  4799.35  711_2000  1494.550   862.851   2409    36200    36331  -1.0000  -1.0000  -1.0000  -1.0000
    25110139 fnpc9003.fnal.gov   GenuineIntel  4799.31  711_2000  1497.510   878.899   2414    34765    34918  -1.0000  -1.0000  -1.0000  -1.0000
    25110139 fnpc7012.fnal.gov   AuthenticAMD  4599.39  711_2000  1493.910   863.801   2365    67723    68202  -1.0000  -1.0000  -1.0000  -1.0000
    25110139 fnpc7201.fnal.gov   GenuineIntel  4611.72  711_2000  1493.200   843.698     10    40841    41109  -1.0000  -1.0000  -1.0000  -1.0000
    25110139 fnpc8013.fnal.gov   GenuineIntel  4605.57  711_2000  1497.070   875.454   2392    43109    43241  -1.0000  -1.0000  -1.0000  -1.0000
    25110139 fnpc7002.fnal.gov   AuthenticAMD  4599.40  711_2000  1495.940   865.907   2096    65767    66189  -1.0000  -1.0000  -1.0000  -1.0000
    25110139 fnpc9062.fnal.gov   GenuineIntel  4799.30  711_2000  1496.040   873.742   2137    35415    35547  -1.0000  -1.0000  -1.0000  -1.0000
    25110139 fnpc6013.fnal.gov   AuthenticAMD  4599.51  711_2000  1496.290   876.544   2095    65280    65745  -1.0000  -1.0000  -1.0000  -1.0000
    25110139 fnpc9061.fnal.gov   GenuineIntel  4799.33  711_2000  1495.320   871.891   2103    34655    34820  -1.0000  -1.0000  -1.0000  -1.0000
    25110139 fnpc7008.fnal.gov   AuthenticAMD  4599.49  711_2000  1494.440   875.713   2090    69059    69489  -1.0000  -1.0000  -1.0000  -1.0000
    25110139 fnpc17151.fnal.gov  GenuineIntel  4604.97  711_2000  1494.040   873.107   2118    35248    35434  -1.0000  -1.0000  -1.0000  -1.0000
    25110139 fnpc17104.fnal.gov  GenuineIntel  4605.62  711_2000  1498.480   853.762      7    36157    36390  -1.0000  -1.0000  -1.0000  -1.0000
    25110139 fnpc9056.fnal.gov   GenuineIntel  4799.31  711_2000  1497.830   874.832   2139    36516    36657  -1.0000  -1.0000  -1.0000  -1.0000
    25110139 fnpc9072.fnal.gov   GenuineIntel  4799.34  711_2000  1493.500   871.141   2141    36039    36133  -1.0000  -1.0000  -1.0000  -1.0000
    25110139 fnpc9035.fnal.gov   GenuineIntel  4799.30  711_2000  1495.970   843.629   2143    37331    37470  -1.0000  -1.0000  -1.0000  -1.0000
    25110139 fnpc7023.fnal.gov   AuthenticAMD  4599.75  711_2000  1496.230   867.434   2092    67011    67385  -1.0000  -1.0000  -1.0000  -1.0000
    25110139 fnpc9039.fnal.gov   GenuineIntel  4799.30  711_2000  1494.590   847.323      1    35570    35628  -1.0000  -1.0000  -1.0000  -1.0000
    25110139 fnpc17114.fnal.gov  GenuineIntel  4605.33  711_2000  1495.210   866.374   2127    35945    36114  -1.0000  -1.0000  -1.0000  -1.0000
    25110139 fnpc17113.fnal.gov  GenuineIntel  4604.87  711_2000  1494.130   873.394   2128    33091    33219  -1.0000  -1.0000  -1.0000  -1.0000
    25110139 fnpc7019.fnal.gov   AuthenticAMD  4599.40  711_2000  1497.120   871.694   2099    66644    67118  -1.0000  -1.0000  -1.0000  -1.0000
    25110139 fnpc17145.fnal.gov  GenuineIntel  4605.00  711_2000  1493.350   869.958      4    36045    36338  -1.0000  -1.0000  -1.0000  -1.0000
    25110139 fnpc9102.fnal.gov   GenuineIntel  4799.23  711_2000  1495.290   874.263   2148    35624    35672  -1.0000  -1.0000  -1.0000  -1.0000
    25110139 fnpc17133.fnal.gov  GenuineIntel  4605.08  711_2000  1494.900   873.644   2122    36504    36680  -1.0000  -1.0000  -1.0000  -1.0000
    25110139 fnpc17110.fnal.gov  GenuineIntel  4605.33  711_2000  1498.160   849.052   2116    34112    34373  -1.0000  -1.0000  -1.0000  -1.0000
    25110139 fnpc17141.fnal.gov  GenuineIntel  4605.09  711_2000  1494.420   873.370   2110    35653    35794  -1.0000  -1.0000  -1.0000  -1.0000
    25110139 fnpc17124.fnal.gov  GenuineIntel  4605.28  711_2000  1493.960   848.212   2111    33237    33429  -1.0000  -1.0000  -1.0000  -1.0000
    25110139 fnpc9001.fnal.gov   GenuineIntel  4799.30  711_2000  1498.070   875.860   2149    35472    35560  -1.0000  -1.0000  -1.0000  -1.0000
    25110139 fnpc8204.fnal.gov   GenuineIntel  4606.12  711_2000  1494.070   844.476   2066    39207    39574  -1.0000  -1.0000  -1.0000  -1.0000
    25110139 fnpc8203.fnal.gov   GenuineIntel  4607.12  711_2000  1493.910   848.056      1    38998    39048  -1.0000  -1.0000  -1.0000  -1.0000
    25110139 fnpc7301.fnal.gov   GenuineIntel  4605.90  711_2000  1499.800   878.432   2070    37219    37368  -1.0000  -1.0000  -1.0000  -1.0000
    25110139 fnpc8205.fnal.gov   GenuineIntel  4606.16  711_2000  1498.110   879.055   2060    39867    40189  -1.0000  -1.0000  -1.0000  -1.0000
    25110139 fnpc9077.fnal.gov   GenuineIntel  4799.32  711_2000  1494.380   871.211   2034    34185    34259  -1.0000  -1.0000  -1.0000  -1.0000
    25110139 fnpc7304.fnal.gov   GenuineIntel  4606.77  711_2000  1493.770   846.316   2042    39469    39662  -1.0000  -1.0000  -1.0000  -1.0000
    25117009 fnpc5027.fnal.gov   AuthenticAMD  4600.07  711_2000  1496.820   880.009      4    54607    54778  -1.0000  -1.0000  -1.0000  -1.0000
    25117009 fnpc9039.fnal.gov   GenuineIntel  4799.30  711_2000  1496.400   869.622      2    33920    33988  -1.0000  -1.0000  -1.0000  -1.0000
    25117009 fnpc9013.fnal.gov   GenuineIntel  4799.31  711_2000  1494.770   864.354      2    34684    34914  -1.0000  -1.0000  -1.0000  -1.0000
    25117009 fnpc7017.fnal.gov   AuthenticAMD  4599.39  711_2000  1497.580   836.055      4    67707    68139  -1.0000  -1.0000  -1.0000  -1.0000
    25117009 fnpc7207.fnal.gov   GenuineIntel  4605.97  711_2000  1496.830   861.327      2    39183    39605  -1.0000  -1.0000  -1.0000  -1.0000
    25117009 fnpc9002.fnal.gov   GenuineIntel  4799.37  711_2000  1495.090   844.394      2    32622    33225  -1.0000  -1.0000  -1.0000  -1.0000
    25117009 fnpc9104.fnal.gov   GenuineIntel  4799.63  711_2000  1498.170   874.836      7    34959    34992  -1.0000  -1.0000  -1.0000  -1.0000
    25117009 fnpc17137.fnal.gov  GenuineIntel  4605.23  711_2000  1497.620   867.783      2    34812    35091  -1.0000  -1.0000  -1.0000  -1.0000
    25117009 fnpc9045.fnal.gov   GenuineIntel  4799.72  711_2000  1495.040   871.743      6    33950    34044  -1.0000  -1.0000  -1.0000  -1.0000
    25117009 fnpc6019.fnal.gov   AuthenticAMD  4599.38  711_2000  1495.190   870.646     27    70789    71225  -1.0000  -1.0000  -1.0000  -1.0000
    25117009 fnpc17134.fnal.gov  GenuineIntel  4605.31  711_2000  1496.760   863.625      3    32228    32485  -1.0000  -1.0000  -1.0000  -1.0000
    25117009 fnpc8004.fnal.gov   GenuineIntel  4606.51  711_2000  1493.740   847.237      4    39089    39291  -1.0000  -1.0000  -1.0000  -1.0000
    25117009 fnpc9059.fnal.gov   GenuineIntel  4800.41  711_2000  1493.910   826.524     13    36739    36819  -1.0000  -1.0000  -1.0000  -1.0000
    25117009 fnpc5037.fnal.gov   AuthenticAMD  4601.63  711_2000  1495.060   871.170      4    55195    55443  -1.0000  -1.0000  -1.0000  -1.0000
    25117009 fnpc17109.fnal.gov  GenuineIntel  4605.04  711_2000  1495.320   860.471      8    34042    34337  -1.0000  -1.0000  -1.0000  -1.0000
    25117009 fnpc17143.fnal.gov  GenuineIntel  4604.93  711_2000  1501.130   869.937      2    31356    31519  -1.0000  -1.0000  -1.0000  -1.0000
    25117009 fnpc9016.fnal.gov   GenuineIntel  4799.35  711_2000  1493.530   865.120      1    34434    34530  -1.0000  -1.0000  -1.0000  -1.0000
    25117009 fnpc17128.fnal.gov  GenuineIntel  4605.36  711_2000  1496.580   869.597      3    31482    31666  -1.0000  -1.0000  -1.0000  -1.0000
    25117009 fnpc8207.fnal.gov   GenuineIntel  4605.91  711_2000  1495.110   871.014      3    35871    36681  -1.0000  -1.0000  -1.0000  -1.0000
    25117009 fnpc9060.fnal.gov   GenuineIntel  4799.31  711_2000  1494.650   873.878     14    35482    35668  -1.0000  -1.0000  -1.0000  -1.0000
    25117009 fnpc17114.fnal.gov  GenuineIntel  4605.33  711_2000  1494.020   834.474      1    34969    35628  -1.0000  -1.0000  -1.0000  -1.0000
    25117009 fnpc8209.fnal.gov   GenuineIntel  4612.11  711_2000  1495.760   865.497      3    35299    35557  -1.0000  -1.0000  -1.0000  -1.0000
    25117009 fnpc9009.fnal.gov   GenuineIntel  4799.34  711_2000  1497.560   829.522      7    31912    32042  -1.0000  -1.0000  -1.0000  -1.0000
    25117009 fnpc9040.fnal.gov   GenuineIntel  4799.39  711_2000  1494.850   866.705      3    35711    35792  -1.0000  -1.0000  -1.0000  -1.0000
    25117009 fnpc8004.fnal.gov   GenuineIntel  4606.51  711_2000  1496.230   863.314      4    38842    39095  -1.0000  -1.0000  -1.0000  -1.0000
    25117009 fnpc8207.fnal.gov   GenuineIntel  4605.91  711_2000  1493.600   875.012      3    34649    34824  -1.0000  -1.0000  -1.0000  -1.0000
    25117009 fnpc9059.fnal.gov   GenuineIntel  4800.41  711_2000  1496.430   864.977     16    36678    36784  -1.0000  -1.0000  -1.0000  -1.0000
    25117009 fnpc8209.fnal.gov   GenuineIntel  4612.11  711_2000  1494.790   867.430      3    34892    35053  -1.0000  -1.0000  -1.0000  -1.0000
    25117009 fnpc9009.fnal.gov   GenuineIntel  4799.34  711_2000  1496.020   862.638      6    31437    31567  -1.0000  -1.0000  -1.0000  -1.0000
    25117009 fnpc17114.fnal.gov  GenuineIntel  4605.33  711_2000  1497.470   869.921      3    34962    35827  -1.0000  -1.0000  -1.0000  -1.0000
    25117009 fnpc9104.fnal.gov   GenuineIntel  4799.63  711_2000  1496.900   873.669      7    35068    35106  -1.0000  -1.0000  -1.0000  -1.0000
    25117009 fnpc7017.fnal.gov   AuthenticAMD  4599.39  711_2000  1496.580   878.752      2    67253    67665  -1.0000  -1.0000  -1.0000  -1.0000
    25137666 fnpc17110.fnal.gov  GenuineIntel  4605.33  711_2000  1494.200   845.246      4    34720    35024  -1.0000  -1.0000  -1.0000  -1.0000
    25137666 fnpc6022.fnal.gov   AuthenticAMD  4599.41  711_2000  1496.110   876.024      9    69454    69912  -1.0000  -1.0000  -1.0000  -1.0000
    25137666 fnpc5037.fnal.gov   AuthenticAMD  4601.63  711_2000  1496.610   869.929      4    55634    55865  -1.0000  -1.0000  -1.0000  -1.0000
    25137666 fnpc9106.fnal.gov   GenuineIntel  4799.33  711_2000  1494.930   874.090      5    36780    36835  -1.0000  -1.0000  -1.0000  -1.0000
    25137666 fnpc4531.fnal.gov   AuthenticAMD  4000.05  711_2000  1495.040   878.645      6    61234    61378  -1.0000  -1.0000  -1.0000  -1.0000
    25137666 fnpc4506.fnal.gov   AuthenticAMD  4000.06  711_2000  1496.380   846.893      6    61524    61704  -1.0000  -1.0000  -1.0000  -1.0000
    25137666 fnpc17103.fnal.gov  GenuineIntel  4605.19  711_2000  1496.400   843.096      4    35477    35592  -1.0000  -1.0000  -1.0000  -1.0000
    25137666 fnpc6004.fnal.gov   AuthenticAMD  4599.38  711_2000  1496.650   877.224      4    69448    69896  -1.0000  -1.0000  -1.0000  -1.0000
    25137666 fnpc8209.fnal.gov   GenuineIntel  4612.11  711_2000  1495.040   864.285      8    26777    27495  -1.0000  -1.0000  -1.0000  -1.0000
    25137666 fnpc7306.fnal.gov   GenuineIntel  4618.56  711_2000  1495.710   843.674      6    29706    29873  -1.0000  -1.0000  -1.0000  -1.0000
    25137666 fnpc8201.fnal.gov   GenuineIntel  4605.90  711_2000  1498.280   848.335      4    31445    32058  -1.0000  -1.0000  -1.0000  -1.0000
    25137666 fnpc7309.fnal.gov   GenuineIntel  4606.30  711_2000  1493.780   850.711      4    31086    31121  -1.0000  -1.0000  -1.0000  -1.0000
    25137666 fnpc17128.fnal.gov  GenuineIntel  4605.36  711_2000  1496.330   857.133      4    29479    29564  -1.0000  -1.0000  -1.0000  -1.0000
    25137666 fnpc4571.fnal.gov   AuthenticAMD  4000.07  711_2000  1494.560   877.679      9    61372    61608  -1.0000  -1.0000  -1.0000  -1.0000
    25137666 fnpc9059.fnal.gov   GenuineIntel  4800.41  711_2000  1495.130   845.197      4    35912    36071  -1.0000  -1.0000  -1.0000  -1.0000
    25137666 fnpc9075.fnal.gov   GenuineIntel  4800.47  711_2000  1495.810   844.931      5    36079    36169  -1.0000  -1.0000  -1.0000  -1.0000
    25137666 fnpc17142.fnal.gov  GenuineIntel  4605.34  711_2000  1494.440   843.002      4    35297    35783  -1.0000  -1.0000  -1.0000  -1.0000
    25137666 fnpc8013.fnal.gov   GenuineIntel  4605.57  711_2000  1495.910   840.200    160    42267    42333  -1.0000  -1.0000  -1.0000  -1.0000
    25137666 fnpc17138.fnal.gov  GenuineIntel  4605.37  711_2000  1495.980   874.484    153    35582    35989  -1.0000  -1.0000  -1.0000  -1.0000
    25137666 fnpc9023.fnal.gov   GenuineIntel  4800.12  711_2000  1493.390   872.280    154    37321    37395  -1.0000  -1.0000  -1.0000  -1.0000
    25137666 fnpc9015.fnal.gov   GenuineIntel  4799.32  711_2000  1494.180   873.578    169    34450    34543  -1.0000  -1.0000  -1.0000  -1.0000
    25137666 fnpc8011.fnal.gov   GenuineIntel  4605.90  711_2000  1494.080   849.773    161    45059    45229  -1.0000  -1.0000  -1.0000  -1.0000
    25137666 fnpc7010.fnal.gov   AuthenticAMD  4599.39  711_2000  1495.880   879.903    134    64321    64660  -1.0000  -1.0000  -1.0000  -1.0000
    25137666 fnpc9052.fnal.gov   GenuineIntel  4799.72  711_2000  1491.750   863.953    172    38098    38245  -1.0000  -1.0000  -1.0000  -1.0000
    25137666 fnpc8208.fnal.gov   GenuineIntel  4605.66  711_2000  1497.850   832.688    166    31634    31723  -1.0000  -1.0000  -1.0000  -1.0000
    25137666 fnpc9007.fnal.gov   GenuineIntel  4799.34  711_2000  1493.190   873.193    172    34151    34211  -1.0000  -1.0000  -1.0000  -1.0000
    25137666 fnpc9048.fnal.gov   GenuineIntel  4799.64  711_2000  1493.960   870.318    174    29462    29821  -1.0000  -1.0000  -1.0000  -1.0000
    25137666 fnpc9026.fnal.gov   GenuineIntel  4799.33  711_2000  1493.270   873.173    163    37356    37427  -1.0000  -1.0000  -1.0000  -1.0000
    25137666 fnpc5006.fnal.gov   AuthenticAMD  4600.09  711_2000  1497.550   879.985    152    53550    53691  -1.0000  -1.0000  -1.0000  -1.0000
    25137666 fnpc17122.fnal.gov  GenuineIntel  4605.56  711_2000  1496.670   873.431     19    36455    36760  -1.0000  -1.0000  -1.0000  -1.0000
    25137666 fnpc9020.fnal.gov   GenuineIntel  4799.33  711_2000  1497.580   876.048    163    35329    35417  -1.0000  -1.0000  -1.0000  -1.0000
    25137666 fnpc7012.fnal.gov   AuthenticAMD  4599.39  711_2000  1495.990   868.532      3    69060    69490  -1.0000  -1.0000  -1.0000  -1.0000
    25137666 fnpc17105.fnal.gov  GenuineIntel  4605.40  711_2000  1495.900   823.276    136    36280    36415  -1.0000  -1.0000  -1.0000  -1.0000
    25137666 fnpc9102.fnal.gov   GenuineIntel  4799.23  711_2000  1497.940   873.685    174    35382    35415  -1.0000  -1.0000  -1.0000  -1.0000
    25137666 fnpc17101.fnal.gov  GenuineIntel  4605.29  711_2000  1500.580   878.367    126    27357    28353  -1.0000  -1.0000  -1.0000  -1.0000
    25137666 fnpc17130.fnal.gov  GenuineIntel  4605.23  711_2000  1494.590   869.437    155    34952    35150  -1.0000  -1.0000  -1.0000  -1.0000
    25137666 fnpc9063.fnal.gov   GenuineIntel  4799.35  711_2000  1496.800   875.127    175    38098    38175  -1.0000  -1.0000  -1.0000  -1.0000
    25137666 fnpc17148.fnal.gov  GenuineIntel  4604.65  711_2000  1493.970   872.645    154    31598    31842  -1.0000  -1.0000  -1.0000  -1.0000
    25137666 fnpc9021.fnal.gov   GenuineIntel  4799.72  711_2000  1493.370   873.005    167    37197    37268  -1.0000  -1.0000  -1.0000  -1.0000
    25137666 fnpc17102.fnal.gov  GenuineIntel  4605.21  711_2000  1496.350   873.619    155    23807    23930  -1.0000  -1.0000  -1.0000  -1.0000
    25137666 fnpc17157.fnal.gov  GenuineIntel  4605.36  711_2000  1493.530   794.653    144    36376    36553  -1.0000  -1.0000  -1.0000  -1.0000
    25137666 fnpc7003.fnal.gov   AuthenticAMD  4599.81  711_2000  1494.500   875.327    137    65561    65898  -1.0000  -1.0000  -1.0000  -1.0000
    25137666 fnpc7004.fnal.gov   AuthenticAMD  4600.49  711_2000  1496.010   795.902    117    66516    66917  -1.0000  -1.0000  -1.0000  -1.0000
    25137666 fnpc9008.fnal.gov   GenuineIntel  4799.71  711_2000  1493.730   871.584    154    32847    32970  -1.0000  -1.0000  -1.0000  -1.0000
    25137666 fnpc17152.fnal.gov  GenuineIntel  4605.37  711_2000  1495.560   797.549    154    29452    29607  -1.0000  -1.0000  -1.0000  -1.0000
    25137666 fnpc9077.fnal.gov   GenuineIntel  4799.32  711_2000  1497.750   839.725    176    33849    33928  -1.0000  -1.0000  -1.0000  -1.0000
    25137666 fnpc6024.fnal.gov   AuthenticAMD  4601.08  711_2000  1495.650   871.457    130    67128    67417  -1.0000  -1.0000  -1.0000  -1.0000
    25137666 fnpc8006.fnal.gov   GenuineIntel  4606.14  711_2000  1493.910   877.150      2    38757    38929  -1.0000  -1.0000  -1.0000  -1.0000
    25137666 fnpc17111.fnal.gov  GenuineIntel  4605.27  711_2000  1494.600   861.495      2    24481    24671  -1.0000  -1.0000  -1.0000  -1.0000
    25137666 fnpc17144.fnal.gov  GenuineIntel  4605.16  711_2000  1496.280   796.758    140    31413    31737  -1.0000  -1.0000  -1.0000  -1.0000
    25137666 fnpc6028.fnal.gov   AuthenticAMD  4599.38  711_2000  1494.790   818.672    127    66392    66784  -1.0000  -1.0000  -1.0000  -1.0000
    25137666 fnpc17104.fnal.gov  GenuineIntel  4605.62  711_2000  1496.180   791.433    142    35742    35986  -1.0000  -1.0000  -1.0000  -1.0000
    25137666 fnpc7029.fnal.gov   AuthenticAMD  4599.42  711_2000  1495.390   878.203     31    66044    66516  -1.0000  -1.0000  -1.0000  -1.0000
    25137666 fnpc9036.fnal.gov   GenuineIntel  4799.33  711_2000  1496.630   876.401    162    33989    34080  -1.0000  -1.0000  -1.0000  -1.0000
    25137666 fnpc8002.fnal.gov   GenuineIntel  4605.40  711_2000  1495.440   877.093    141    27783    27817  -1.0000  -1.0000  -1.0000  -1.0000
    25137666 fnpc7024.fnal.gov   AuthenticAMD  4599.39  711_2000  1495.440   839.107      4    51434    51686  -1.0000  -1.0000  -1.0000  -1.0000
    25137666 fnpc17110.fnal.gov  GenuineIntel  4605.33  711_2000  1495.780   836.895    142    35242    35616  -1.0000  -1.0000  -1.0000  -1.0000
    25137666 fnpc7306.fnal.gov   GenuineIntel  4618.56  711_2000  1496.850   878.297    162    28919    29104  -1.0000  -1.0000  -1.0000  -1.0000
    25137666 fnpc8201.fnal.gov   GenuineIntel  4605.90  711_2000  1492.440   873.660    157    29869    30517  -1.0000  -1.0000  -1.0000  -1.0000
    25137666 fnpc9059.fnal.gov   GenuineIntel  4800.41  711_2000  1493.940   858.366    189    35995    36133  -1.0000  -1.0000  -1.0000  -1.0000
    25137666 fnpc8208.fnal.gov   GenuineIntel  4605.66  711_2000  1495.330   790.716    159    31268    31452  -1.0000  -1.0000  -1.0000  -1.0000
    25137666 fnpc9048.fnal.gov   GenuineIntel  4799.64  711_2000  1494.090   813.269    156    29307    29402  -1.0000  -1.0000  -1.0000  -1.0000
    25137666 fnpc9075.fnal.gov   GenuineIntel  4800.47  711_2000  1494.970   874.471    146    36141    36378  -1.0000  -1.0000  -1.0000  -1.0000
    25137666 fnpc9008.fnal.gov   GenuineIntel  4799.71  711_2000  1496.470   874.893    150    33440    33584  -1.0000  -1.0000  -1.0000  -1.0000
    25137666 fnpc8002.fnal.gov   GenuineIntel  4605.40  711_2000  1495.670   877.969    143    27890    27946  -1.0000  -1.0000  -1.0000  -1.0000
    25137666 fnpc17105.fnal.gov  GenuineIntel  4605.40  711_2000  1496.740   788.586    121    34492    34650  -1.0000  -1.0000  -1.0000  -1.0000
    25137666 fnpc7024.fnal.gov   AuthenticAMD  4599.39  711_2000  1497.090   883.188    155    48015    48204  -1.0000  -1.0000  -1.0000  -1.0000
    25137666 fnpc9077.fnal.gov   GenuineIntel  4799.32  711_2000  1496.680   872.927    195    33885    34030  -1.0000  -1.0000  -1.0000  -1.0000
    25137666 fnpc17142.fnal.gov  GenuineIntel  4605.34  711_2000  1494.450   787.497    162    35381    35563  -1.0000  -1.0000  -1.0000  -1.0000
    25137666 fnpc17152.fnal.gov  GenuineIntel  4605.37  711_2000  1495.520   844.263      2    29542    30364  -1.0000  -1.0000  -1.0000  -1.0000
    25137666 fnpc17144.fnal.gov  GenuineIntel  4605.16  711_2000  1495.440   874.156    171    31926    32311  -1.0000  -1.0000  -1.0000  -1.0000
    25137666 fnpc6028.fnal.gov   AuthenticAMD  4599.38  711_2000  1498.520   877.789    152    69628    70096  -1.0000  -1.0000  -1.0000  -1.0000
    25137666 fnpc17104.fnal.gov  GenuineIntel  4605.62  711_2000  1497.950   875.065    173    35632    35848  -1.0000  -1.0000  -1.0000  -1.0000
    25137666 fnpc7004.fnal.gov   AuthenticAMD  4600.49  711_2000  1494.600   873.902    151    64231    64579  -1.0000  -1.0000  -1.0000  -1.0000
    25137666 fnpc17105.fnal.gov  GenuineIntel  4605.40  711_2000  1495.820   856.502    163    36284    36526  -1.0000  -1.0000  -1.0000  -1.0000
    25137666 fnpc17104.fnal.gov  GenuineIntel  4605.62  711_2000  1496.870   861.073    165    36248    36369  -1.0000  -1.0000  -1.0000  -1.0000
    25137666 fnpc17104.fnal.gov  GenuineIntel  4605.62  711_2000  1493.510   861.008    162    36036    36152  -1.0000  -1.0000  -1.0000  -1.0000
    25137666 fnpc7029.fnal.gov   AuthenticAMD  4599.42  711_2000  1494.700   875.913     30    70908    71377  -1.0000  -1.0000  -1.0000  -1.0000
    25137666 fnpc7029.fnal.gov   AuthenticAMD  4599.42  711_2000  1497.310   877.130     30    69851    70288  -1.0000  -1.0000  -1.0000  -1.0000
    25137666 fnpc17110.fnal.gov  GenuineIntel  4605.33  711_2000  1497.420   875.438    117    35430    35669  -1.0000  -1.0000  -1.0000  -1.0000
    25137666 fnpc9043.fnal.gov   GenuineIntel  4799.30  711_2000  1494.090   872.559    140    37126    37288  -1.0000  -1.0000  -1.0000  -1.0000
    25137666 fnpc7005.fnal.gov   AuthenticAMD  4599.37  711_2000  1494.740   825.811     97    69393    69809  -1.0000  -1.0000  -1.0000  -1.0000
    25137666 fnpc7205.fnal.gov   GenuineIntel  4606.18  711_2000  1495.570   878.903    131    36904    37046  -1.0000  -1.0000  -1.0000  -1.0000
    25137666 fnpc9104.fnal.gov   GenuineIntel  4799.63  711_2000  1495.460   860.594    140    35597    35630  -1.0000  -1.0000  -1.0000  -1.0000
    25137666 fnpc9056.fnal.gov   GenuineIntel  4799.31  711_2000  1496.060   874.770    135    35914    36007  -1.0000  -1.0000  -1.0000  -1.0000
    25137666 fnpc6011.fnal.gov   AuthenticAMD  4601.44  711_2000  1496.120   801.329    103    65817    66200  -1.0000  -1.0000  -1.0000  -1.0000
    25137666 fnpc5008.fnal.gov   AuthenticAMD  4600.07  711_2000  1495.490   877.715    122    54664    54851  -1.0000  -1.0000  -1.0000  -1.0000
    25137666 fnpc9045.fnal.gov   GenuineIntel  4799.72  711_2000  1494.490   861.213    143    34907    35018  -1.0000  -1.0000  -1.0000  -1.0000
    25137666 fnpc5001.fnal.gov   AuthenticAMD  4600.07  711_2000  1497.410   881.062    118    55457    55712  -1.0000  -1.0000  -1.0000  -1.0000
    25137666 fnpc7304.fnal.gov   GenuineIntel  4606.77  711_2000  1498.100   879.694    146    27401    27594  -1.0000  -1.0000  -1.0000  -1.0000
    25137666 fnpc8202.fnal.gov   GenuineIntel  4606.93  711_2000  1497.950   877.650    138    32302    32791  -1.0000  -1.0000  -1.0000  -1.0000
    25137666 fnpc8203.fnal.gov   GenuineIntel  4607.12  711_2000  1497.020   876.777    154    32954    33501  -1.0000  -1.0000  -1.0000  -1.0000
    25137666 fnpc5005.fnal.gov   AuthenticAMD  4600.08  711_2000  1495.810   879.534    134    54244    54349  -1.0000  -1.0000  -1.0000  -1.0000
    25137666 fnpc17122.fnal.gov  GenuineIntel  4605.56  711_2000  1492.690   860.324    103    36453    36662  -1.0000  -1.0000  -1.0000  -1.0000
    25137666 fnpc17131.fnal.gov  GenuineIntel  4604.72  711_2000  1493.700   860.750     97    33639    33946  -1.0000  -1.0000  -1.0000  -1.0000
    25137666 fnpc8021.fnal.gov   GenuineIntel  4605.84  711_2000  1493.510   873.267    142    43212    43345  -1.0000  -1.0000  -1.0000  -1.0000
    25137666 fnpc7303.fnal.gov   GenuineIntel  4619.15  711_2000  1494.780   843.661     65    36198    36341  -1.0000  -1.0000  -1.0000  -1.0000
    25137666 fnpc9042.fnal.gov   GenuineIntel  4799.34  711_2000  1494.840   874.033    149    24688    24745  -1.0000  -1.0000  -1.0000  -1.0000
    25137666 fnpc6007.fnal.gov   AuthenticAMD  4599.47  711_2000  1495.430   870.212    118    69543    69950  -1.0000  -1.0000  -1.0000  -1.0000
    25137666 fnpc8208.fnal.gov   GenuineIntel  4605.66  711_2000  1494.260   875.885    143    31867    32494  -1.0000  -1.0000  -1.0000  -1.0000
    24396219 fnpc6029.fnal.gov   AuthenticAMD  4599.74  711_2000  1495.870   845.308      3    68906    69345  -1.0000  -1.0000  -1.0000  -1.0000
    24396219 fnpc6029.fnal.gov   AuthenticAMD  4599.74  711_2000  1493.970   842.547      4    68581    69071  -1.0000  -1.0000  -1.0000  -1.0000
    24396219 fnpc9079.fnal.gov   GenuineIntel  4799.31  711_2000  1496.860   868.024      2    38059    38173  -1.0000  -1.0000  -1.0000  -1.0000
    24396219 fnpc9039.fnal.gov   GenuineIntel  4799.30  711_2000  1497.020   838.693      1    39683    39800  -1.0000  -1.0000  -1.0000  -1.0000
    24396219 fnpc7029.fnal.gov   AuthenticAMD  4599.42  711_2000  1495.850   868.631      6    68885    69395  -1.0000  -1.0000  -1.0000  -1.0000
    24396219 fnpc17153.fnal.gov  GenuineIntel  4605.73  711_2000  1493.110   840.180      2    38421    38662  -1.0000  -1.0000  -1.0000  -1.0000
    24396219 fnpc9015.fnal.gov   GenuineIntel  4799.32  711_2000  1495.030   840.577      1    36239    36370  -1.0000  -1.0000  -1.0000  -1.0000
    24396219 fnpc9033.fnal.gov   GenuineIntel  4799.30  711_2000  1496.980   870.068      1    39155    39259  -1.0000  -1.0000  -1.0000  -1.0000
    24396219 fnpc8007.fnal.gov   GenuineIntel  4607.61  711_2000  1495.470   878.522      4    44297    44493  -1.0000  -1.0000  -1.0000  -1.0000
    24396219 fnpc7202.fnal.gov   GenuineIntel  4606.01  711_2000  1497.180   865.751      5    43943    44033  -1.0000  -1.0000  -1.0000  -1.0000
    24396219 fnpc17159.fnal.gov  GenuineIntel  4605.05  711_2000  1495.140   874.029      2    39515    39709  -1.0000  -1.0000  -1.0000  -1.0000
    24396219 fnpc17152.fnal.gov  GenuineIntel  4605.37  711_2000  1495.080   873.075      1    36648    36823  -1.0000  -1.0000  -1.0000  -1.0000
    24396219 fnpc17135.fnal.gov  GenuineIntel  4605.45  711_2000  1497.290   874.299     14    37467    37643  -1.0000  -1.0000  -1.0000  -1.0000
    24396219 fnpc7305.fnal.gov   GenuineIntel  4605.67  711_2000  1497.430   880.447      2    36557    36621  -1.0000  -1.0000  -1.0000  -1.0000
    24396219 fnpc9057.fnal.gov   GenuineIntel  4800.11  711_2000  1496.530   875.282     26    36130    36202  -1.0000  -1.0000  -1.0000  -1.0000
    24396219 fnpc9101.fnal.gov   GenuineIntel  4799.64  711_2000  1494.260   865.640     30    40067    40146  -1.0000  -1.0000  -1.0000  -1.0000
    24396219 fnpc5036.fnal.gov   AuthenticAMD  4600.05  711_2000  1494.480   866.103      2    54970    55180  -1.0000  -1.0000  -1.0000  -1.0000
    24396219 fnpc9059.fnal.gov   GenuineIntel  4800.41  711_2000  1494.220   827.716     25    37660    37717  -1.0000  -1.0000  -1.0000  -1.0000
    24396219 fnpc9061.fnal.gov   GenuineIntel  4799.33  711_2000  1497.180   862.032     13    40103    40245  -1.0000  -1.0000  -1.0000  -1.0000
    24396219 fnpc4542.fnal.gov   AuthenticAMD  4000.06  711_2000  1499.130   865.386      4    62004    62312  -1.0000  -1.0000  -1.0000  -1.0000
    24396219 fnpc17129.fnal.gov  GenuineIntel  4605.03  711_2000  1496.650   797.282      1    35909    36030  -1.0000  -1.0000  -1.0000  -1.0000
    24396219 fnpc9108.fnal.gov   GenuineIntel  4799.71  711_2000  1500.320   836.456     31    39157    39223  -1.0000  -1.0000  -1.0000  -1.0000
    24396219 fnpc9075.fnal.gov   GenuineIntel  4800.47  711_2000  1495.120   873.923     24    39134    39176  -1.0000  -1.0000  -1.0000  -1.0000
    24396219 fnpc9067.fnal.gov   GenuineIntel  4799.72  711_2000  1495.880   863.101     21    37559    37607  -1.0000  -1.0000  -1.0000  -1.0000
    24396219 fnpc7023.fnal.gov   AuthenticAMD  4599.75  711_2000  1495.930   870.593      4    70000    70429  -1.0000  -1.0000  -1.0000  -1.0000
    24396219 fnpc9049.fnal.gov   GenuineIntel  4799.31  711_2000  1494.030   794.960      3    34382    34415  -1.0000  -1.0000  -1.0000  -1.0000
    24396219 fnpc6002.fnal.gov   AuthenticAMD  4599.38  711_2000  1495.860   872.169      2    67928    68325  -1.0000  -1.0000  -1.0000  -1.0000
    24396219 fnpc7025.fnal.gov   AuthenticAMD  4599.40  711_2000  1495.640   879.657      3    67671    67990  -1.0000  -1.0000  -1.0000  -1.0000
    24396219 fnpc6024.fnal.gov   AuthenticAMD  4601.08  711_2000  1495.840   870.076      3    62593    62872  -1.0000  -1.0000  -1.0000  -1.0000
    24396219 fnpc9002.fnal.gov   GenuineIntel  4799.37  711_2000  1493.930   873.542     34    37958    38051  -1.0000  -1.0000  -1.0000  -1.0000
    24396219 fnpc7007.fnal.gov   AuthenticAMD  4599.88  711_2000  1494.870   870.085      2    69393    69735  -1.0000  -1.0000  -1.0000  -1.0000
    24396219 fnpc6001.fnal.gov   AuthenticAMD  4599.67  711_2000  1495.320   833.655      3    67705    68133  -1.0000  -1.0000  -1.0000  -1.0000
    24396219 fnpc9024.fnal.gov   GenuineIntel  4800.49  711_2000  1494.020   874.734     31    31245    31367  -1.0000  -1.0000  -1.0000  -1.0000
    24396219 fnpc9049.fnal.gov   GenuineIntel  4799.31  711_2000  1494.990   872.448     30    34356    34399  -1.0000  -1.0000  -1.0000  -1.0000
    24396219 fnpc9015.fnal.gov   GenuineIntel  4799.32  711_2000  1494.670   873.509     49    36434    36535  -1.0000  -1.0000  -1.0000  -1.0000
    24396219 fnpc9059.fnal.gov   GenuineIntel  4800.41  711_2000  1495.290   873.980     26    37580    37632  -1.0000  -1.0000  -1.0000  -1.0000
    24396219 fnpc4542.fnal.gov   AuthenticAMD  4000.06  711_2000  1495.210   863.420      6    61484    61727  -1.0000  -1.0000  -1.0000  -1.0000
    24396219 fnpc17129.fnal.gov  GenuineIntel  4605.03  711_2000  1495.940   796.287     11    37561    37714  -1.0000  -1.0000  -1.0000  -1.0000
    24396219 fnpc17159.fnal.gov  GenuineIntel  4605.05  711_2000  1494.190   873.202      4    40060    40270  -1.0000  -1.0000  -1.0000  -1.0000
    24396219 fnpc9049.fnal.gov   GenuineIntel  4799.31  711_2000  1493.980   827.802     24    34323    34343  -1.0000  -1.0000  -1.0000  -1.0000
    24396219 fnpc7023.fnal.gov   AuthenticAMD  4599.75  711_2000  1496.130   869.360      3    67079    67448  -1.0000  -1.0000  -1.0000  -1.0000
    24396219 fnpc17129.fnal.gov  GenuineIntel  4605.03  711_2000  1497.370   874.992      2    37294    37433  -1.0000  -1.0000  -1.0000  -1.0000
    24396219 fnpc17129.fnal.gov  GenuineIntel  4605.03  711_2000  1496.990   875.327      2    36170    36273  -1.0000  -1.0000  -1.0000  -1.0000
    24396219 fnpc8013.fnal.gov   GenuineIntel  4605.57  711_2000  1493.520   849.244      2    45837    45986  -1.0000  -1.0000  -1.0000  -1.0000
    24396219 fnpc9018.fnal.gov   GenuineIntel  4799.64  711_2000  1495.380   861.880      2    40715    40805  -1.0000  -1.0000  -1.0000  -1.0000
    24396219 fnpc8015.fnal.gov   GenuineIntel  4605.66  711_2000  1493.550   871.223      3    42708    42791  -1.0000  -1.0000  -1.0000  -1.0000
    24396219 fnpc9051.fnal.gov   GenuineIntel  4799.31  711_2000  1494.010   872.743      1    40526    40676  -1.0000  -1.0000  -1.0000  -1.0000
    24396219 fnpc17153.fnal.gov  GenuineIntel  4605.73  711_2000  1494.730   865.710      1    38663    38899  -1.0000  -1.0000  -1.0000  -1.0000
    24396219 fnpc9017.fnal.gov   GenuineIntel  4799.31  711_2000  1494.300   870.081      1    40110    40304  -1.0000  -1.0000  -1.0000  -1.0000
    24396219 fnpc8021.fnal.gov   GenuineIntel  4605.84  711_2000  1493.980   846.725      2    44868    44982  -1.0000  -1.0000  -1.0000  -1.0000
    24396219 fnpc9035.fnal.gov   GenuineIntel  4799.30  711_2000  1497.770   867.709      2    40850    40948  -1.0000  -1.0000  -1.0000  -1.0000
    24396219 fnpc8014.fnal.gov   GenuineIntel  4605.95  711_2000  1496.460   863.273      2    45455    45621  -1.0000  -1.0000  -1.0000  -1.0000
    24396219 fnpc9022.fnal.gov   GenuineIntel  4799.72  711_2000  1498.750   846.918      2    39074    39161  -1.0000  -1.0000  -1.0000  -1.0000
    24396219 fnpc8018.fnal.gov   GenuineIntel  4605.46  711_2000  1494.020   784.884      3    43740    43813  -1.0000  -1.0000  -1.0000  -1.0000
    24396219 fnpc9047.fnal.gov   GenuineIntel  4799.32  711_2000  1497.530   871.285      2    40020    40171  -1.0000  -1.0000  -1.0000  -1.0000
    24396219 fnpc9063.fnal.gov   GenuineIntel  4799.35  711_2000  1495.980   867.967      2    39457    39557  -1.0000  -1.0000  -1.0000  -1.0000
    24396219 fnpc7212.fnal.gov   GenuineIntel  4605.91  711_2000  1493.180   868.864      2    43672    43769  -1.0000  -1.0000  -1.0000  -1.0000
    24396219 fnpc17102.fnal.gov  GenuineIntel  4605.21  711_2000  1498.050   874.627      2    36641    36807  -1.0000  -1.0000  -1.0000  -1.0000
    24396219 fnpc8009.fnal.gov   GenuineIntel  4605.51  711_2000  1498.110   869.745      2    43927    44013  -1.0000  -1.0000  -1.0000  -1.0000
    24396219 fnpc8206.fnal.gov   GenuineIntel  4605.93  711_2000  1496.320   877.470      1    27820    27868  -1.0000  -1.0000  -1.0000  -1.0000
    24396219 fnpc4503.fnal.gov   AuthenticAMD  4000.42  711_2000  1495.220   878.322      4    61671    61992  -1.0000  -1.0000  -1.0000  -1.0000
    24396219 fnpc9011.fnal.gov   GenuineIntel  4799.32  711_2000  1494.380   787.001      2    41075    41201  -1.0000  -1.0000  -1.0000  -1.0000
    24396219 fnpc6004.fnal.gov   AuthenticAMD  4599.38  711_2000  1494.580   867.910      2    64923    65371  -1.0000  -1.0000  -1.0000  -1.0000
    24396219 fnpc8003.fnal.gov   GenuineIntel  4612.12  711_2000  1497.500   857.997      3    46246    46404  -1.0000  -1.0000  -1.0000  -1.0000
    24396219 fnpc8024.fnal.gov   GenuineIntel  4612.04  711_2000  1496.010   875.110      3    43000    43135  -1.0000  -1.0000  -1.0000  -1.0000
    24396219 fnpc4546.fnal.gov   AuthenticAMD  4000.51  711_2000  1495.510   878.903      4    61847    62111  -1.0000  -1.0000  -1.0000  -1.0000
    24396219 fnpc6019.fnal.gov   AuthenticAMD  4599.38  711_2000  1495.900   828.834      4    66352    66843  -1.0000  -1.0000  -1.0000  -1.0000
    24396219 fnpc6000.fnal.gov   AuthenticAMD  4599.78  711_2000  1497.430   871.293      4    70142    70620  -1.0000  -1.0000  -1.0000  -1.0000
    24396219 fnpc9108.fnal.gov   GenuineIntel  4799.71  711_2000  1494.440   873.484      1    39216    39291  -1.0000  -1.0000  -1.0000  -1.0000
    24396219 fnpc9020.fnal.gov   GenuineIntel  4799.33  711_2000  1497.790   878.162      5    36690    36803  -1.0000  -1.0000  -1.0000  -1.0000
    24396219 fnpc17133.fnal.gov  GenuineIntel  4605.08  711_2000  1494.650   833.393      1    38438    38558  -1.0000  -1.0000  -1.0000  -1.0000
    24396219 fnpc17130.fnal.gov  GenuineIntel  4605.23  711_2000  1496.410   860.942      1    37148    37352  -1.0000  -1.0000  -1.0000  -1.0000
    24396219 fnpc9055.fnal.gov   GenuineIntel  4799.35  711_2000  1498.010   871.174      4    37484    37553  -1.0000  -1.0000  -1.0000  -1.0000
    24396219 fnpc9032.fnal.gov   GenuineIntel  4799.39  711_2000  1494.340   866.656      3    37958    38026  -1.0000  -1.0000  -1.0000  -1.0000
    24396219 fnpc17118.fnal.gov  GenuineIntel  4604.99  711_2000  1497.820   876.212      2    31416    31531  -1.0000  -1.0000  -1.0000  -1.0000
    24396219 fnpc8004.fnal.gov   GenuineIntel  4606.51  711_2000  1494.420   813.162      2    44288    44381  -1.0000  -1.0000  -1.0000  -1.0000
    24396219 fnpc6008.fnal.gov   AuthenticAMD  4599.45  711_2000  1494.720   865.468      7    63887    64199  -1.0000  -1.0000  -1.0000  -1.0000
    24396219 fnpc7016.fnal.gov   AuthenticAMD  4599.63  711_2000  1494.510   868.491      5    64885    65221  -1.0000  -1.0000  -1.0000  -1.0000
    24396219 fnpc17127.fnal.gov  GenuineIntel  4604.99  711_2000  1494.280   793.571     10    20309    20392  -1.0000  -1.0000  -1.0000  -1.0000
    24396219 fnpc9042.fnal.gov   GenuineIntel  4799.34  711_2000  1494.120   873.800     15    23868    23907  -1.0000  -1.0000  -1.0000  -1.0000
    24396219 fnpc9035.fnal.gov   GenuineIntel  4799.30  711_2000  1499.080   831.975      1    41101    41220  -1.0000  -1.0000  -1.0000  -1.0000
    24396219 fnpc8018.fnal.gov   GenuineIntel  4605.46  711_2000  1494.700   838.304      2    43031    43086  -1.0000  -1.0000  -1.0000  -1.0000
    24396219 fnpc9011.fnal.gov   GenuineIntel  4799.32  711_2000  1495.520   865.047     13    40318    40496  -1.0000  -1.0000  -1.0000  -1.0000
    24396219 fnpc8003.fnal.gov   GenuineIntel  4612.12  711_2000  1496.110   862.708      3    45223    45373  -1.0000  -1.0000  -1.0000  -1.0000
    24396219 fnpc4546.fnal.gov   AuthenticAMD  4000.51  711_2000  1495.050   878.174      3    62772    63120  -1.0000  -1.0000  -1.0000  -1.0000
    24396219 fnpc17133.fnal.gov  GenuineIntel  4605.08  711_2000  1495.920   873.083      2    38945    39086  -1.0000  -1.0000  -1.0000  -1.0000
    24396219 fnpc8004.fnal.gov   GenuineIntel  4606.51  711_2000  1496.160   862.466      5    44425    44515  -1.0000  -1.0000  -1.0000  -1.0000
    24396219 fnpc17102.fnal.gov  GenuineIntel  4605.21  711_2000  1496.800   874.156      2    36131    36273  -1.0000  -1.0000  -1.0000  -1.0000
    24396219 fnpc6019.fnal.gov   AuthenticAMD  4599.38  711_2000  1494.400   830.730      5    65985    66460  -1.0000  -1.0000  -1.0000  -1.0000
    24396219 fnpc7016.fnal.gov   AuthenticAMD  4599.63  711_2000  1495.610   871.469      6    63730    64048  -1.0000  -1.0000  -1.0000  -1.0000
    24396219 fnpc17127.fnal.gov  GenuineIntel  4604.99  711_2000  1493.200   857.170     27    20670    20693  -1.0000  -1.0000  -1.0000  -1.0000
    24396219 fnpc6008.fnal.gov   AuthenticAMD  4599.45  711_2000  1495.050   878.285      5    65405    65746  -1.0000  -1.0000  -1.0000  -1.0000
    24396219 fnpc8018.fnal.gov   GenuineIntel  4605.46  711_2000  1497.330   861.921      3    43793    43863  -1.0000  -1.0000  -1.0000  -1.0000
    24396219 fnpc6008.fnal.gov   AuthenticAMD  4599.45  711_2000  1495.970   834.302      4    67371    67734  -1.0000  -1.0000  -1.0000  -1.0000
    24396219 fnpc6008.fnal.gov   AuthenticAMD  4599.45  711_2000  1496.750   867.676      5    65263    65613  -1.0000  -1.0000  -1.0000  -1.0000
    24396219 fnpc17137.fnal.gov  GenuineIntel  4605.23  711_2000  1496.580   874.881      2    38777    38943  -1.0000  -1.0000  -1.0000  -1.0000
    24396219 fnpc9022.fnal.gov   GenuineIntel  4799.72  711_2000  1494.170   874.271      2    39016    39179  -1.0000  -1.0000  -1.0000  -1.0000
    24396219 fnpc7211.fnal.gov   GenuineIntel  4605.59  711_2000  1494.000   874.594      2    43972    44118  -1.0000  -1.0000  -1.0000  -1.0000
    24396858 fnpc9061.fnal.gov   GenuineIntel  4799.33  711_2000  1495.200   858.923     19    36918    37162  -1.0000  -1.0000  -1.0000  -1.0000
    24396858 fnpc17114.fnal.gov  GenuineIntel  4605.33  711_2000  1494.560   872.473      4    39592    39937  -1.0000  -1.0000  -1.0000  -1.0000
    24396858 fnpc17124.fnal.gov  GenuineIntel  4605.28  711_2000  1495.950   874.471     15    35565    35828  -1.0000  -1.0000  -1.0000  -1.0000
    24396858 fnpc9074.fnal.gov   GenuineIntel  4799.64  711_2000  1495.100   854.901      8    39021    39158  -1.0000  -1.0000  -1.0000  -1.0000
    24396858 fnpc17157.fnal.gov  GenuineIntel  4605.36  711_2000  1493.910   855.294      5    35409    35662  -1.0000  -1.0000  -1.0000  -1.0000
    24396858 fnpc9062.fnal.gov   GenuineIntel  4799.30  711_2000  1495.140   873.538      6    41650    41898  -1.0000  -1.0000  -1.0000  -1.0000
    24396858 fnpc9033.fnal.gov   GenuineIntel  4799.30  711_2000  1497.040   855.605      5    37172    37326  -1.0000  -1.0000  -1.0000  -1.0000
    24396858 fnpc17126.fnal.gov  GenuineIntel  4605.58  711_2000  1497.140   872.071   4986    36143    36424  -1.0000  -1.0000  -1.0000  -1.0000
    24396858 fnpc8003.fnal.gov   GenuineIntel  4612.12  711_2000  1496.080   861.188   4969    44175    44418  -1.0000  -1.0000  -1.0000  -1.0000
    24396858 fnpc7304.fnal.gov   GenuineIntel  4606.77  711_2000  1496.660   877.023   4988    41007    41213  -1.0000  -1.0000  -1.0000  -1.0000
    24396858 fnpc9016.fnal.gov   GenuineIntel  4799.35  711_2000  1495.740   857.522   4981    37794    37863  -1.0000  -1.0000  -1.0000  -1.0000
    24396858 fnpc6017.fnal.gov   AuthenticAMD  4599.39  711_2000  1495.090   875.258   4972    65140    65547  -1.0000  -1.0000  -1.0000  -1.0000
    24396858 fnpc17148.fnal.gov  GenuineIntel  4604.65  711_2000  1494.820   834.716   4982    36051    36262  -1.0000  -1.0000  -1.0000  -1.0000
    24396858 fnpc7016.fnal.gov   AuthenticAMD  4599.63  711_2000  1494.660   870.879   4974    63256    63623  -1.0000  -1.0000  -1.0000  -1.0000
    24396858 fnpc7019.fnal.gov   AuthenticAMD  4599.40  711_2000  1497.190   878.739      3    65302    65662  -1.0000  -1.0000  -1.0000  -1.0000
    24396858 fnpc9033.fnal.gov   GenuineIntel  4799.30  711_2000  1494.200   855.003   5002    37666    37771  -1.0000  -1.0000  -1.0000  -1.0000
    24396858 fnpc17148.fnal.gov  GenuineIntel  4604.65  711_2000  1494.290   873.746   4981    35966    36245  -1.0000  -1.0000  -1.0000  -1.0000
    24396858 fnpc9012.fnal.gov   GenuineIntel  4800.50  711_2000  1498.030   856.732   4932    39993    40174  -1.0000  -1.0000  -1.0000  -1.0000
    24396858 fnpc9102.fnal.gov   GenuineIntel  4799.23  711_2000  1495.050   872.858   4919    39239    39336  -1.0000  -1.0000  -1.0000  -1.0000
    24396858 fnpc9055.fnal.gov   GenuineIntel  4799.35  711_2000  1496.260   850.555   4922    37125    37411  -1.0000  -1.0000  -1.0000  -1.0000
    24396858 fnpc8013.fnal.gov   GenuineIntel  4605.57  711_2000  1499.500   860.414   4908    47028    47231  -1.0000  -1.0000  -1.0000  -1.0000
    24396858 fnpc9040.fnal.gov   GenuineIntel  4799.39  711_2000  1496.870   875.610   4911    36370    36542  -1.0000  -1.0000  -1.0000  -1.0000
    24396858 fnpc9041.fnal.gov   GenuineIntel  4799.30  711_2000  1495.680   877.056   4930    38878    38950  -1.0000  -1.0000  -1.0000  -1.0000
    24396858 fnpc8024.fnal.gov   GenuineIntel  4612.04  711_2000  1498.080   857.764   4914    43484    43671  -1.0000  -1.0000  -1.0000  -1.0000
    24396858 fnpc8009.fnal.gov   GenuineIntel  4605.51  711_2000  1495.220   862.130   4276    42748    42913  -1.0000  -1.0000  -1.0000  -1.0000
    24396858 fnpc17116.fnal.gov  GenuineIntel  4604.92  711_2000  1495.700   853.205   4897    37104    37403  -1.0000  -1.0000  -1.0000  -1.0000
    24396858 fnpc9018.fnal.gov   GenuineIntel  4799.64  711_2000  1496.150   857.375   4279    38154    38263  -1.0000  -1.0000  -1.0000  -1.0000
    24396858 fnpc17117.fnal.gov  GenuineIntel  4605.30  711_2000  1494.110   871.412   4259    32281    32414  -1.0000  -1.0000  -1.0000  -1.0000
    24396858 fnpc9101.fnal.gov   GenuineIntel  4799.64  711_2000  1495.690   855.519   4275    40041    40163  -1.0000  -1.0000  -1.0000  -1.0000
    24396858 fnpc17128.fnal.gov  GenuineIntel  4605.36  711_2000  1497.220   875.008   4266    36163    36501  -1.0000  -1.0000  -1.0000  -1.0000
    24396858 fnpc17127.fnal.gov  GenuineIntel  4604.99  711_2000  1497.130   874.975   4230    29774    29951  -1.0000  -1.0000  -1.0000  -1.0000
    24396858 fnpc7304.fnal.gov   GenuineIntel  4606.77  711_2000  1500.410   853.438   4288    41351    41607  -1.0000  -1.0000  -1.0000  -1.0000
    24396858 fnpc4535.fnal.gov   AuthenticAMD  4000.20  711_2000  1496.600   878.727   4284    61032    61374  -1.0000  -1.0000  -1.0000  -1.0000
    24396858 fnpc9079.fnal.gov   GenuineIntel  4799.31  711_2000  1497.780   840.118   4298    38144    38236  -1.0000  -1.0000  -1.0000  -1.0000
    24396858 fnpc6004.fnal.gov   AuthenticAMD  4599.38  711_2000  1495.370   871.784   4271    64540    64965  -1.0000  -1.0000  -1.0000  -1.0000
    24396858 fnpc17147.fnal.gov  GenuineIntel  4605.42  711_2000  1495.160   874.136   4258    34610    34807  -1.0000  -1.0000  -1.0000  -1.0000
    24396858 fnpc6005.fnal.gov   AuthenticAMD  4599.38  711_2000  1496.500   863.420   4260    66956    67441  -1.0000  -1.0000  -1.0000  -1.0000
    24396858 fnpc9048.fnal.gov   GenuineIntel  4799.64  711_2000  1494.130   870.633   4279    25913    26190  -1.0000  -1.0000  -1.0000  -1.0000
    24396858 fnpc9006.fnal.gov   GenuineIntel  4799.31  711_2000  1494.800   864.965   4294    29359    29798  -1.0000  -1.0000  -1.0000  -1.0000
    24396858 fnpc9003.fnal.gov   GenuineIntel  4799.31  711_2000  1495.040   878.555   4292    23917    24075  -1.0000  -1.0000  -1.0000  -1.0000
    24396858 fnpc9018.fnal.gov   GenuineIntel  4799.64  711_2000  1493.650   817.381   4291    39300    39489  -1.0000  -1.0000  -1.0000  -1.0000
    24396858 fnpc9079.fnal.gov   GenuineIntel  4799.31  711_2000  1498.380   855.224   4299    38524    38632  -1.0000  -1.0000  -1.0000  -1.0000
    24396858 fnpc9105.fnal.gov   GenuineIntel  4799.72  711_2000  1494.640   866.431   4243    38729    38839  -1.0000  -1.0000  -1.0000  -1.0000
    24396858 fnpc9068.fnal.gov   GenuineIntel  4799.71  711_2000  1498.730   854.290   4256    36366    36463  -1.0000  -1.0000  -1.0000  -1.0000
    24396858 fnpc9017.fnal.gov   GenuineIntel  4799.31  711_2000  1496.500   853.385   4240    37972    38122  -1.0000  -1.0000  -1.0000  -1.0000
    24396858 fnpc17132.fnal.gov  GenuineIntel  4605.40  711_2000  1498.620   873.640   4216    34746    34933  -1.0000  -1.0000  -1.0000  -1.0000
    24396858 fnpc9021.fnal.gov   GenuineIntel  4799.72  711_2000  1496.140   874.193   4248    36776    37029  -1.0000  -1.0000  -1.0000  -1.0000
    24396858 fnpc8028.fnal.gov   GenuineIntel  4605.81  711_2000  1495.310   861.450   4239    42904    43071  -1.0000  -1.0000  -1.0000  -1.0000
    24396858 fnpc17120.fnal.gov  GenuineIntel  4605.71  711_2000  1498.110   875.532   4208    35907    36169  -1.0000  -1.0000  -1.0000  -1.0000
    24396858 fnpc9035.fnal.gov   GenuineIntel  4799.30  711_2000  1493.630   838.234   4184    38814    38974  -1.0000  -1.0000  -1.0000  -1.0000
    24396858 fnpc17125.fnal.gov  GenuineIntel  4604.96  711_2000  1497.600   852.460   4171    35351    35506  -1.0000  -1.0000  -1.0000  -1.0000
    24396858 fnpc9046.fnal.gov   GenuineIntel  4799.34  711_2000  1494.400   862.093   4199    38128    38224  -1.0000  -1.0000  -1.0000  -1.0000
    24396858 fnpc9001.fnal.gov   GenuineIntel  4799.30  711_2000  1494.560   837.493   4197    40341    40474  -1.0000  -1.0000  -1.0000  -1.0000
    24396858 fnpc17134.fnal.gov  GenuineIntel  4605.31  711_2000  1498.440   852.238   4174    36546    36851  -1.0000  -1.0000  -1.0000  -1.0000
    24396858 fnpc17157.fnal.gov  GenuineIntel  4605.36  711_2000  1495.760   873.935   4148    36793    37061  -1.0000  -1.0000  -1.0000  -1.0000
    24396858 fnpc7202.fnal.gov   GenuineIntel  4606.01  711_2000  1493.350   850.096   4182    41261    41539  -1.0000  -1.0000  -1.0000  -1.0000
    24396858 fnpc9106.fnal.gov   GenuineIntel  4799.33  711_2000  1500.340   879.022   4199    39418    39525  -1.0000  -1.0000  -1.0000  -1.0000
    24396858 fnpc17156.fnal.gov  GenuineIntel  4605.03  711_2000  1494.840   873.533   4182    36080    36317  -1.0000  -1.0000  -1.0000  -1.0000
    24396858 fnpc17118.fnal.gov  GenuineIntel  4604.99  711_2000  1494.810   874.402   4181    33162    33452  -1.0000  -1.0000  -1.0000  -1.0000
    24396858 fnpc17144.fnal.gov  GenuineIntel  4605.16  711_2000  1494.880   872.387   4193    34289    34656  -1.0000  -1.0000  -1.0000  -1.0000
    24396858 fnpc8003.fnal.gov   GenuineIntel  4612.12  711_2000  1493.190   850.436   4164    44002    44140  -1.0000  -1.0000  -1.0000  -1.0000
    24396858 fnpc9038.fnal.gov   GenuineIntel  4799.33  711_2000  1497.060   837.591   4197    37369    37573  -1.0000  -1.0000  -1.0000  -1.0000
    24396858 fnpc17146.fnal.gov  GenuineIntel  4605.53  711_2000  1494.430   873.353   4155    35060    35313  -1.0000  -1.0000  -1.0000  -1.0000
    24396858 fnpc17138.fnal.gov  GenuineIntel  4605.37  711_2000  1494.590   859.546   4160    35153    35344  -1.0000  -1.0000  -1.0000  -1.0000
    24396858 fnpc17110.fnal.gov  GenuineIntel  4605.33  711_2000  1494.650   873.497   4167    37354    37586  -1.0000  -1.0000  -1.0000  -1.0000
    24396858 fnpc17141.fnal.gov  GenuineIntel  4605.09  711_2000  1496.110   850.833   4170    37967    38207  -1.0000  -1.0000  -1.0000  -1.0000
    24396858 fnpc9057.fnal.gov   GenuineIntel  4800.11  711_2000  1493.920   847.184   4194    38781    38894  -1.0000  -1.0000  -1.0000  -1.0000
    24396858 fnpc9056.fnal.gov   GenuineIntel  4799.31  711_2000  1499.350   851.145   4201    35655    35783  -1.0000  -1.0000  -1.0000  -1.0000
    24396858 fnpc7014.fnal.gov   AuthenticAMD  4599.37  711_2000  1494.770   851.767   4167    60091    60368  -1.0000  -1.0000  -1.0000  -1.0000
    24396858 fnpc6021.fnal.gov   AuthenticAMD  4599.92  711_2000  1496.090   854.540   4182    60541    60785  -1.0000  -1.0000  -1.0000  -1.0000
    24396858 fnpc9105.fnal.gov   GenuineIntel  4799.72  711_2000  1493.340   840.544   4196    38765    38886  -1.0000  -1.0000  -1.0000  -1.0000
    24396858 fnpc17125.fnal.gov  GenuineIntel  4604.96  711_2000  1493.860   873.091   4178    35120    35457  -1.0000  -1.0000  -1.0000  -1.0000
    24396858 fnpc9056.fnal.gov   GenuineIntel  4799.31  711_2000  1494.090   846.840   4838    36307    36401  -1.0000  -1.0000  -1.0000  -1.0000
    24396858 fnpc6021.fnal.gov   AuthenticAMD  4599.92  711_2000  1495.340   857.088   4812    59557    59768  -1.0000  -1.0000  -1.0000  -1.0000
    24396858 fnpc17141.fnal.gov  GenuineIntel  4605.09  711_2000  1493.040   854.295   4804    38646    38932  -1.0000  -1.0000  -1.0000  -1.0000
    24396858 fnpc7014.fnal.gov   AuthenticAMD  4599.37  711_2000  1494.200   875.487   4795    60531    60788  -1.0000  -1.0000  -1.0000  -1.0000
    24396858 fnpc6021.fnal.gov   AuthenticAMD  4599.92  711_2000  1497.300   872.067   4807    59628    59863  -1.0000  -1.0000  -1.0000  -1.0000
    24396858 fnpc6021.fnal.gov   AuthenticAMD  4599.92  711_2000  1495.660   836.145   4799    63357    63581  -1.0000  -1.0000  -1.0000  -1.0000
