jobid/I:node_name/C:cpu_id/C:bogomips/F:dsid/C:vmpeak/F:vmhwm/F:tstage/I:totcpu/I:totwall/I:tfull/F:tistn/F:tkffpar/F:tkffdar/F
    31958896 fnpc9030.fnal.gov   GenuineIntel  4799.73  760_1001  1388.380   695.222     -1     1752     2172  -1.0000  -1.0000  -1.0000  -1.0000
    31958896 fnpc8014.fnal.gov   GenuineIntel  4605.44  760_1001  1388.330   695.804     -1     1987     2335  -1.0000  -1.0000  -1.0000  -1.0000
    31958896 fnpc8016.fnal.gov   GenuineIntel  4605.51  760_1001  1388.060   694.219     -1     2014     2558  -1.0000  -1.0000  -1.0000  -1.0000
    31958896 fnpc9021.fnal.gov   GenuineIntel  4799.31  760_1001  1388.730   695.755     -1     1774     1957  -1.0000  -1.0000  -1.0000  -1.0000
    31958896 fnpc8020.fnal.gov   GenuineIntel  4605.52  760_1001  1388.350   695.153     -1     2037     2206  -1.0000  -1.0000  -1.0000  -1.0000
    31958896 fnpc9056.fnal.gov   GenuineIntel  4799.31  760_1001  1388.490   693.334     -1     1671     1775  -1.0000  -1.0000  -1.0000  -1.0000
    31958896 fnpc17122.fnal.gov  GenuineIntel  4605.59  760_1001  1388.950   694.415     -1     1790     1986  -1.0000  -1.0000  -1.0000  -1.0000
    31958896 fnpc9058.fnal.gov   GenuineIntel  4799.73  760_1001  1388.390   695.521     -1     1872     2032  -1.0000  -1.0000  -1.0000  -1.0000
    31958896 fnpc9071.fnal.gov   GenuineIntel  4799.29  760_1001  1388.880   695.788     -1     1528     1915  -1.0000  -1.0000  -1.0000  -1.0000
    31958896 fnpc8021.fnal.gov   GenuineIntel  4605.70  760_1001  1388.920   680.518     -1     1911     2106  -1.0000  -1.0000  -1.0000  -1.0000
    31958896 fnpc7028.fnal.gov   AuthenticAMD  4599.41  760_1001  1389.020   693.871     -1     3029     3239  -1.0000  -1.0000  -1.0000  -1.0000
    31958896 fnpc8001.fnal.gov   GenuineIntel  4605.88  760_1001  1388.450   694.833     -1     2012     2275  -1.0000  -1.0000  -1.0000  -1.0000
    31958896 fnpc9064.fnal.gov   GenuineIntel  4799.34  760_1001  1388.940   683.000     -1     1683     1823  -1.0000  -1.0000  -1.0000  -1.0000
    31958896 fnpc17158.fnal.gov  GenuineIntel  4605.58  760_1001  1388.790   676.725     -1     1879     1996  -1.0000  -1.0000  -1.0000  -1.0000
    31958896 fnpc9073.fnal.gov   GenuineIntel  4799.74  760_1001  1388.780   694.227     -1     1748     1912  -1.0000  -1.0000  -1.0000  -1.0000
    31958896 fnpc17150.fnal.gov  GenuineIntel  4605.55  760_1001  1388.310   694.465     -1     1705     1963  -1.0000  -1.0000  -1.0000  -1.0000
    31958896 fnpc6024.fnal.gov   AuthenticAMD  4599.37  760_1001  1388.570   694.051     -1     3129     3340  -1.0000  -1.0000  -1.0000  -1.0000
    31958896 fnpc9026.fnal.gov   GenuineIntel  4799.33  760_1001  1388.370   694.944     -1     1550     1750  -1.0000  -1.0000  -1.0000  -1.0000
    31958896 fnpc9041.fnal.gov   GenuineIntel  4799.30  760_1001  1388.460   695.615     -1     1545     1661  -1.0000  -1.0000  -1.0000  -1.0000
    31958896 fnpc7020.fnal.gov   AuthenticAMD  4599.37  760_1001  1380.180   671.171     -1     1102     1183  -1.0000  -1.0000  -1.0000  -1.0000
