jobid/I:node_name/C:cpu_id/C:bogomips/F:dsid/C:vmpeak/F:vmhwm/F:tstage/I:totcpu/I:totwall/I:tfull/F:tistn/F:tkffpar/F:tkffdar/F
     7361300 fnpc8024.fnal.gov   GenuineIntel  4605.46  760_3000  2283.570  1687.170     -1    13738    13783  -1.0000  -1.0000  -1.0000  -1.0000
     7361300 fnpc8012.fnal.gov   GenuineIntel  4612.36  760_3000  2284.420  1687.990     -1    14354    14395  -1.0000  -1.0000  -1.0000  -1.0000
     7361300 fnpc17135.fnal.gov  GenuineIntel  4605.75  760_3000  2283.520  1668.620     -1    13869    13984  -1.0000  -1.0000  -1.0000  -1.0000
     7361300 fnpc17153.fnal.gov  GenuineIntel  4605.33  760_3000  2282.680  1686.100     -1    12854    12877  -1.0000  -1.0000  -1.0000  -1.0000
     7361300 fnpc7017.fnal.gov   AuthenticAMD  4599.41  760_3000  2282.520  1669.090     -1    21228    22046  -1.0000  -1.0000  -1.0000  -1.0000
     7361300 fnpc9006.fnal.gov   GenuineIntel  4799.72  760_3000  2284.520  1688.010     -1     9396    10023  -1.0000  -1.0000  -1.0000  -1.0000
     7361300 fnpc9018.fnal.gov   GenuineIntel  4799.44  760_3000  2284.260  1687.300     -1    10729    10749  -1.0000  -1.0000  -1.0000  -1.0000
     7361300 fnpc6017.fnal.gov   AuthenticAMD  4599.88  760_3000  2285.290  1674.610     -1    20618    20860  -1.0000  -1.0000  -1.0000  -1.0000
     7361300 fnpc17102.fnal.gov  GenuineIntel  4605.19  760_3000  2283.660  1687.080     -1    11083    11142  -1.0000  -1.0000  -1.0000  -1.0000
     7361300 fnpc6019.fnal.gov   AuthenticAMD  4599.37  760_3000  2283.220  1685.640     -1    21930    22082  -1.0000  -1.0000  -1.0000  -1.0000
     7361300 fnpc17149.fnal.gov  GenuineIntel  4605.33  760_3000  2283.360  1686.880     -1     8628     8715  -1.0000  -1.0000  -1.0000  -1.0000
     7361300 fnpc19121.fnal.gov  AuthenticAMD  4999.91  760_3000  2285.430  1671.700     -1     7296     7332  -1.0000  -1.0000  -1.0000  -1.0000
     7361300 fnpc19108.fnal.gov  AuthenticAMD  5000.00  760_3000  2282.850  1686.360     -1     7059     7077  -1.0000  -1.0000  -1.0000  -1.0000
     7361300 fnpc19115.fnal.gov  AuthenticAMD  4999.92  760_3000  2284.780  1670.010     -1     9496     9536  -1.0000  -1.0000  -1.0000  -1.0000
     7361300 fnpc19113.fnal.gov  AuthenticAMD  4999.90  760_3000  2285.270  1670.000     -1     6635     6651  -1.0000  -1.0000  -1.0000  -1.0000
     7361300 fnpc19115.fnal.gov  AuthenticAMD  4999.92  760_3000  2283.680  1668.860     -1     9451     9494  -1.0000  -1.0000  -1.0000  -1.0000
     7361300 fnpc19115.fnal.gov  AuthenticAMD  4999.92  760_3000  2284.950  1670.280     -1     9412     9455  -1.0000  -1.0000  -1.0000  -1.0000
     7361300 fnpc19115.fnal.gov  AuthenticAMD  4999.92  760_3000  2283.350  1669.550     -1     9438     9478  -1.0000  -1.0000  -1.0000  -1.0000
     7361300 fnpc19115.fnal.gov  AuthenticAMD  4999.92  760_3000  2285.860  1671.740     -1     9391     9430  -1.0000  -1.0000  -1.0000  -1.0000
     7361300 fnpc9061.fnal.gov   GenuineIntel  4799.72  760_3000  2282.410  1685.650     -1    10719    10767  -1.0000  -1.0000  -1.0000  -1.0000
     7361300 fnpc17120.fnal.gov  GenuineIntel  4605.56  760_3000  2285.500  1670.230     -1     9825     9833  -1.0000  -1.0000  -1.0000  -1.0000
     7361300 fnpc9032.fnal.gov   GenuineIntel  4799.71  760_3000  2284.250  1687.800     -1     9944    10003  -1.0000  -1.0000  -1.0000  -1.0000
     7361300 fnpc7015.fnal.gov   AuthenticAMD  4599.44  760_3000  2285.610  1686.750     -1    21336    21586  -1.0000  -1.0000  -1.0000  -1.0000
     7361300 fnpc7025.fnal.gov   AuthenticAMD  4600.71  760_3000  2283.010  1685.790     -1    21328    22172  -1.0000  -1.0000  -1.0000  -1.0000
     7361300 fnpc19125.fnal.gov  AuthenticAMD  5000.71  760_3000  2282.550  1668.530     -1     8897     8940  -1.0000  -1.0000  -1.0000  -1.0000
     7361300 fnpc19118.fnal.gov  AuthenticAMD  4999.90  760_3000  2286.270  1690.080     -1     6462     6474  -1.0000  -1.0000  -1.0000  -1.0000
     7361300 fnpc19126.fnal.gov  AuthenticAMD  5000.00  760_3000  2283.250  1686.880     -1     7557     7582  -1.0000  -1.0000  -1.0000  -1.0000
     7361300 fnpc19105.fnal.gov  AuthenticAMD  5000.72  760_3000  2283.570  1669.630     -1     7487     7525  -1.0000  -1.0000  -1.0000  -1.0000
     7361300 fnpc19118.fnal.gov  AuthenticAMD  4999.90  760_3000  2283.960  1676.710     -1     6498     6510  -1.0000  -1.0000  -1.0000  -1.0000
     7361300 fnpc17125.fnal.gov  GenuineIntel  4605.37  760_3000  2284.160  1669.280     -1    13335    13360  -1.0000  -1.0000  -1.0000  -1.0000
     7361300 fnpc17128.fnal.gov  GenuineIntel  4605.64  760_3000  2284.340  1688.100     -1    12973    13048  -1.0000  -1.0000  -1.0000  -1.0000
     7361300 fnpc5002.fnal.gov   AuthenticAMD  4600.07  760_3000  2283.810  1683.190     -1    19383    19493  -1.0000  -1.0000  -1.0000  -1.0000
     7361300 fnpc6004.fnal.gov   AuthenticAMD  4601.73  760_3000  2282.500  1668.620     -1    20155    20293  -1.0000  -1.0000  -1.0000  -1.0000
     7361300 fnpc17121.fnal.gov  GenuineIntel  4605.34  760_3000  2285.230  1688.500     -1     9510     9543  -1.0000  -1.0000  -1.0000  -1.0000
     7361300 fnpc6003.fnal.gov   AuthenticAMD  4599.39  760_3000  2282.210  1682.470     -1    20436    20625  -1.0000  -1.0000  -1.0000  -1.0000
     7361300 fnpc17115.fnal.gov  GenuineIntel  4605.50  760_3000  2282.910  1681.610     -1     8780     8798  -1.0000  -1.0000  -1.0000  -1.0000
     7361300 fnpc19129.fnal.gov  AuthenticAMD  4999.91  760_3000  2282.520  1684.220     -1     7387     7416  -1.0000  -1.0000  -1.0000  -1.0000
     7361300 fnpc19109.fnal.gov  AuthenticAMD  4999.91  760_3000  2284.500  1669.960     -1     8845     8878  -1.0000  -1.0000  -1.0000  -1.0000
     7361300 fnpc7208.fnal.gov   GenuineIntel  4605.61  760_3000  2283.970  1669.970     -1    14943    15014  -1.0000  -1.0000  -1.0000  -1.0000
     7361300 fnpc17135.fnal.gov  GenuineIntel  4605.75  760_3000  2285.820  1670.790     -1    13934    14006  -1.0000  -1.0000  -1.0000  -1.0000
     7361300 fnpc17147.fnal.gov  GenuineIntel  4605.95  760_3000  2283.800  1687.260     -1    12124    12157  -1.0000  -1.0000  -1.0000  -1.0000
     7361300 fnpc9066.fnal.gov   GenuineIntel  4799.31  760_3000  2285.060  1688.390     -1    12211    12435  -1.0000  -1.0000  -1.0000  -1.0000
     7361300 fnpc9038.fnal.gov   GenuineIntel  4799.71  760_3000  2283.590  1668.600     -1    10346    10415  -1.0000  -1.0000  -1.0000  -1.0000
     7361300 fnpc9045.fnal.gov   GenuineIntel  4800.49  760_3000  2282.260  1685.420     -1     9942     9982  -1.0000  -1.0000  -1.0000  -1.0000
     7361300 fnpc19133.fnal.gov  AuthenticAMD  4999.91  760_3000  2283.060  1669.630     -1     9502     9541  -1.0000  -1.0000  -1.0000  -1.0000
     7361300 fnpc19105.fnal.gov  AuthenticAMD  5000.72  760_3000  2284.880  1671.290     -1     9138     9174  -1.0000  -1.0000  -1.0000  -1.0000
     7361300 fnpc19139.fnal.gov  AuthenticAMD  5000.00  760_3000  2285.530  1688.990     -1     7369     7392  -1.0000  -1.0000  -1.0000  -1.0000
     7361300 fnpc17135.fnal.gov  GenuineIntel  4605.75  760_3000  2284.760  1670.710     -1    13706    13776  -1.0000  -1.0000  -1.0000  -1.0000
     7361300 fnpc17155.fnal.gov  GenuineIntel  4605.70  760_3000  2283.130  1686.650     -1    11957    11968  -1.0000  -1.0000  -1.0000  -1.0000
     7361300 fnpc17124.fnal.gov  GenuineIntel  4605.53  760_3000  2283.580  1669.320     -1     8558     8989  -1.0000  -1.0000  -1.0000  -1.0000
