jobid/I:node_name/C:cpu_id/C:bogomips/F:dsid/C:vmpeak/F:vmhwm/F:tstage/I:totcpu/I:totwall/I:tfull/F:tistn/F:tkffpar/F:tkffdar/F
    32008997 fnpc8201.fnal.gov   GenuineIntel  4611.97  760_3200  1401.880   677.745     -1     3014     3385  -1.0000  -1.0000  -1.0000  -1.0000
    32008997 fnpc8206.fnal.gov   GenuineIntel  4605.60  760_3200  1402.030   682.815     -1     2891     3079  -1.0000  -1.0000  -1.0000  -1.0000
    32008997 fnpc7309.fnal.gov   GenuineIntel  4615.99  760_3200  1401.960   677.036     -1     3047     3388  -1.0000  -1.0000  -1.0000  -1.0000
    32008997 fnpc7209.fnal.gov   GenuineIntel  4605.44  760_3200  1394.070   705.683     -1     3206     3591  -1.0000  -1.0000  -1.0000  -1.0000
    32008997 fnpc9047.fnal.gov   GenuineIntel  4799.72  760_3200  1402.250   658.268     -1     2280     3389  -1.0000  -1.0000  -1.0000  -1.0000
    32008997 fnpc8210.fnal.gov   GenuineIntel  4606.10  760_3200  1393.690   660.021     -1     2206     2468  -1.0000  -1.0000  -1.0000  -1.0000
    32008997 fnpc9061.fnal.gov   GenuineIntel  4799.72  760_3200  1401.800   703.316     -1     2737     3588  -1.0000  -1.0000  -1.0000  -1.0000
    32008997 fnpc17101.fnal.gov  GenuineIntel  4605.59  760_3200  1402.360   703.836     -1     2675     3577  -1.0000  -1.0000  -1.0000  -1.0000
    32008997 fnpc7306.fnal.gov   GenuineIntel  4618.09  760_3200  1393.980   677.859     -1     2957     3200  -1.0000  -1.0000  -1.0000  -1.0000
    32008997 fnpc5026.fnal.gov   AuthenticAMD  4600.10  760_3200  1402.070   703.500     -1     3951     4951  -1.0000  -1.0000  -1.0000  -1.0000
    32008997 fnpc5028.fnal.gov   AuthenticAMD  4600.05  760_3200  1401.750   686.309     -1     3786     4137  -1.0000  -1.0000  -1.0000  -1.0000
    32008997 fnpc7301.fnal.gov   GenuineIntel  4618.77  760_3200  1402.270   703.025     -1     2290     2462  -1.0000  -1.0000  -1.0000  -1.0000
    32008997 fnpc8205.fnal.gov   GenuineIntel  4605.61  760_3200  1401.930   682.701     -1     3212     3444  -1.0000  -1.0000  -1.0000  -1.0000
    32008997 fnpc7202.fnal.gov   GenuineIntel  4606.28  760_3200  1394.040   697.844     -1     2932     3175  -1.0000  -1.0000  -1.0000  -1.0000
    32008997 fnpc17116.fnal.gov  GenuineIntel  4605.60  760_3200  1394.300   661.152     -1     3284     4068  -1.0000  -1.0000  -1.0000  -1.0000
    32008997 fnpc9103.fnal.gov   GenuineIntel  4799.31  760_3200  1402.160   703.894     -1     2967     3518  -1.0000  -1.0000  -1.0000  -1.0000
    32008997 fnpc17109.fnal.gov  GenuineIntel  4605.66  760_3200  1393.890   685.457     -1     2810     3443  -1.0000  -1.0000  -1.0000  -1.0000
    32008997 fnpc17146.fnal.gov  GenuineIntel  4605.31  760_3200  1402.310   670.380     -1     2644     3181  -1.0000  -1.0000  -1.0000  -1.0000
    32008997 fnpc8202.fnal.gov   GenuineIntel  4606.09  760_3200  1394.010   702.112     -1     2120     2490  -1.0000  -1.0000  -1.0000  -1.0000
