jobid/I:node_name/C:cpu_id/C:bogomips/F:dsid/C:vmpeak/F:vmhwm/F:tstage/I:totcpu/I:totwall/I:tfull/F:tistn/F:tkffpar/F:tkffdar/F
    31751122 fnpc8017.fnal.gov   GenuineIntel  4605.34  760_2000  2750.010  1908.860     -1    21565    23948  -1.0000  -1.0000  -1.0000  -1.0000
    31751122 fnpc7205.fnal.gov   GenuineIntel  4606.82  760_2000  2748.140  1961.510     -1    21693    24052  -1.0000  -1.0000  -1.0000  -1.0000
    31751122 fnpc8208.fnal.gov   GenuineIntel  4605.81  760_2000  2749.610  1909.450     -1    18029    18244  -1.0000  -1.0000  -1.0000  -1.0000
    31751122 fnpc8204.fnal.gov   GenuineIntel  4607.11  760_2000  2752.680  1962.690     -1    18968    19148  -1.0000  -1.0000  -1.0000  -1.0000
    31751122 fnpc7206.fnal.gov   GenuineIntel  4605.30  760_2000  2753.870  1912.920     -1    21833    22944  -1.0000  -1.0000  -1.0000  -1.0000
    31751122 fnpc7202.fnal.gov   GenuineIntel  4606.28  760_2000  2751.250  1894.540     -1    22129    23348  -1.0000  -1.0000  -1.0000  -1.0000
    31751122 fnpc7209.fnal.gov   GenuineIntel  4605.44  760_2000  2748.510  1906.850     -1    21793    23803  -1.0000  -1.0000  -1.0000  -1.0000
    31751122 fnpc8012.fnal.gov   GenuineIntel  4612.36  760_2000  2749.780  1907.480     -1    21756    24273  -1.0000  -1.0000  -1.0000  -1.0000
    31751122 fnpc7204.fnal.gov   GenuineIntel  4605.72  760_2000  2749.750  1962.480     -1    22750    24281  -1.0000  -1.0000  -1.0000  -1.0000
    31751122 fnpc17125.fnal.gov  GenuineIntel  4605.37  760_2000  2752.130  1910.340     -1    15429    16160  -1.0000  -1.0000  -1.0000  -1.0000
    31751122 fnpc17120.fnal.gov  GenuineIntel  4605.56  760_2000  2751.280  1894.380     -1    21759    23430  -1.0000  -1.0000  -1.0000  -1.0000
    31751122 fnpc5037.fnal.gov   AuthenticAMD  4600.62  760_2000  2752.910  1932.640     -1    27783    30053  -1.0000  -1.0000  -1.0000  -1.0000
    31751122 fnpc8025.fnal.gov   GenuineIntel  4605.83  760_2000  2748.330  1907.650     -1    22084    24143  -1.0000  -1.0000  -1.0000  -1.0000
    31751122 fnpc8014.fnal.gov   GenuineIntel  4605.44  760_2000  2751.320  1902.240     -1    21724    23522  -1.0000  -1.0000  -1.0000  -1.0000
    31751122 fnpc7203.fnal.gov   GenuineIntel  4605.77  760_2000  2752.360  1918.650     -1    22013    23235  -1.0000  -1.0000  -1.0000  -1.0000
    31751122 fnpc8016.fnal.gov   GenuineIntel  4605.51  760_2000  2748.630  1907.630     -1    22458    23375  -1.0000  -1.0000  -1.0000  -1.0000
    31751122 fnpc17152.fnal.gov  GenuineIntel  4605.55  760_2000  2748.280  1907.020     -1    21512    23214  -1.0000  -1.0000  -1.0000  -1.0000
    31751122 fnpc5006.fnal.gov   AuthenticAMD  4600.08  760_2000  2751.010  1939.530     -1    27950    29203  -1.0000  -1.0000  -1.0000  -1.0000
    31751122 fnpc8020.fnal.gov   GenuineIntel  4605.52  760_2000  2750.390  1888.760     -1    21605    23307  -1.0000  -1.0000  -1.0000  -1.0000
    31751122 fnpc17114.fnal.gov  GenuineIntel  4605.63  760_2000  2750.420  1925.210     -1    19894    20592  -1.0000  -1.0000  -1.0000  -1.0000
    31751122 fnpc7206.fnal.gov   GenuineIntel  4605.30  760_2000  2750.300  1906.740     -1    21539    22404  -1.0000  -1.0000  -1.0000  -1.0000
    31751122 fnpc5018.fnal.gov   AuthenticAMD  4600.07  760_2000  2747.700  1885.660     -1    27601    28009  -1.0000  -1.0000  -1.0000  -1.0000
    31751122 fnpc8024.fnal.gov   GenuineIntel  4605.46  760_2000  2750.170  1909.690     -1    20874    21951  -1.0000  -1.0000  -1.0000  -1.0000
    31751122 fnpc17156.fnal.gov  GenuineIntel  4605.48  760_2000  2750.940  1966.260     -1    22296    24761  -1.0000  -1.0000  -1.0000  -1.0000
    31751122 fnpc17142.fnal.gov  GenuineIntel  4605.25  760_2000  2750.690  1894.370     -1    21569    22899  -1.0000  -1.0000  -1.0000  -1.0000
    31751122 fnpc8005.fnal.gov   GenuineIntel  4605.78  760_2000  2751.680  1907.130     -1    21558    22845  -1.0000  -1.0000  -1.0000  -1.0000
    31751122 fnpc9004.fnal.gov   GenuineIntel  4799.30  760_2000  2748.910  1954.520     -1    17726    18634  -1.0000  -1.0000  -1.0000  -1.0000
    31751122 fnpc5016.fnal.gov   AuthenticAMD  4600.07  760_2000  2748.920  1907.070     -1    27669    27934  -1.0000  -1.0000  -1.0000  -1.0000
    31751122 fnpc9002.fnal.gov   GenuineIntel  4799.30  760_2000  2749.090  1889.010     -1    17168    17564  -1.0000  -1.0000  -1.0000  -1.0000
    31751122 fnpc17143.fnal.gov  GenuineIntel  4605.39  760_2000  2751.740  1908.330     -1    16060    16678  -1.0000  -1.0000  -1.0000  -1.0000
    31751122 fnpc9066.fnal.gov   GenuineIntel  4799.31  760_2000  2751.210  1914.680     -1    15539    15915  -1.0000  -1.0000  -1.0000  -1.0000
    31751122 fnpc17147.fnal.gov  GenuineIntel  4605.95  760_2000  2751.270  1893.400     -1    19766    20362  -1.0000  -1.0000  -1.0000  -1.0000
    31751122 fnpc17122.fnal.gov  GenuineIntel  4605.59  760_2000  2751.460  1910.750     -1    20278    20774  -1.0000  -1.0000  -1.0000  -1.0000
    31751122 fnpc8026.fnal.gov   GenuineIntel  4611.95  760_2000  2751.140  1895.500     -1    17881    18179  -1.0000  -1.0000  -1.0000  -1.0000
    31751122 fnpc8021.fnal.gov   GenuineIntel  4605.70  760_2000  2752.120  1896.160     -1    15504    15668  -1.0000  -1.0000  -1.0000  -1.0000
    31751122 fnpc6026.fnal.gov   AuthenticAMD  4599.37  760_2000  2748.660  1897.660     -1    27585    28722  -1.0000  -1.0000  -1.0000  -1.0000
    31751122 fnpc9077.fnal.gov   GenuineIntel  4799.32  760_2000  2750.690  1965.930     -1    12851    14720  -1.0000  -1.0000  -1.0000  -1.0000
    31751122 fnpc9057.fnal.gov   GenuineIntel  4799.71  760_2000  2748.910  1893.590     -1    15300    15638  -1.0000  -1.0000  -1.0000  -1.0000
    31751122 fnpc9019.fnal.gov   GenuineIntel  4799.34  760_2000  2741.920  1882.520     -1    12222    12597  -1.0000  -1.0000  -1.0000  -1.0000
    31751122 fnpc17132.fnal.gov  GenuineIntel  4605.25  760_2000  2750.280  1907.220     -1    19225    19747  -1.0000  -1.0000  -1.0000  -1.0000
    31751122 fnpc17155.fnal.gov  GenuineIntel  4605.70  760_2000  2752.520  1957.300     -1    17861    18204  -1.0000  -1.0000  -1.0000  -1.0000
    31751122 fnpc9046.fnal.gov   GenuineIntel  4800.48  760_2000  2750.060  1957.340     -1    13198    13365  -1.0000  -1.0000  -1.0000  -1.0000
    31751122 fnpc9060.fnal.gov   GenuineIntel  4799.31  760_2000  2747.470  1926.570     -1    14716    15111  -1.0000  -1.0000  -1.0000  -1.0000
    31751122 fnpc8204.fnal.gov   GenuineIntel  4607.11  760_2000  2748.730  1949.290     -1    19000    19141  -1.0000  -1.0000  -1.0000  -1.0000
    31751122 fnpc9006.fnal.gov   GenuineIntel  4799.72  760_2000  2750.860  1908.710     -1    13849    14382  -1.0000  -1.0000  -1.0000  -1.0000
    31751122 fnpc17160.fnal.gov  GenuineIntel  4605.53  760_2000  2750.960  1944.240     -1    17060    17320  -1.0000  -1.0000  -1.0000  -1.0000
    31751122 fnpc17102.fnal.gov  GenuineIntel  4605.19  760_2000  2747.250  1899.620     -1    14235    14658  -1.0000  -1.0000  -1.0000  -1.0000
    31751122 fnpc9058.fnal.gov   GenuineIntel  4799.73  760_2000  2752.120  1949.230     -1    15326    15673  -1.0000  -1.0000  -1.0000  -1.0000
    31751122 fnpc9033.fnal.gov   GenuineIntel  4799.72  760_2000  2751.230  1907.720     -1    14498    15041  -1.0000  -1.0000  -1.0000  -1.0000
    31751122 fnpc9052.fnal.gov   GenuineIntel  4799.32  760_2000  2749.570  1906.700     -1    13261    13722  -1.0000  -1.0000  -1.0000  -1.0000
    31751122 fnpc17104.fnal.gov  GenuineIntel  4605.73  760_2000  2751.140  1909.340     -1    19506    20088  -1.0000  -1.0000  -1.0000  -1.0000
    31751122 fnpc7025.fnal.gov   AuthenticAMD  4600.71  760_2000  2752.070  1902.710     -1    30690    32503  -1.0000  -1.0000  -1.0000  -1.0000
    31751122 fnpc6004.fnal.gov   AuthenticAMD  4601.73  760_2000  2749.210  1928.310     -1    27865    28687  -1.0000  -1.0000  -1.0000  -1.0000
    31751122 fnpc7001.fnal.gov   AuthenticAMD  4599.51  760_2000  2750.540  1939.080     -1    28051    29966  -1.0000  -1.0000  -1.0000  -1.0000
    31751122 fnpc17101.fnal.gov  GenuineIntel  4605.59  760_2000  2749.030  1897.260     -1    16969    17264  -1.0000  -1.0000  -1.0000  -1.0000
    31751122 fnpc9079.fnal.gov   GenuineIntel  4800.50  760_2000  2751.720  1915.250     -1    12641    12771  -1.0000  -1.0000  -1.0000  -1.0000
    31751122 fnpc9008.fnal.gov   GenuineIntel  4799.31  760_2000  2748.760  1953.090     -1    11525    11759  -1.0000  -1.0000  -1.0000  -1.0000
    31751122 fnpc9017.fnal.gov   GenuineIntel  4799.31  760_2000  2747.760  1950.330     -1    13469    14011  -1.0000  -1.0000  -1.0000  -1.0000
    31751122 fnpc9050.fnal.gov   GenuineIntel  4799.30  760_2000  2748.870  1898.370     -1    15168    15403  -1.0000  -1.0000  -1.0000  -1.0000
    31751122 fnpc9061.fnal.gov   GenuineIntel  4799.72  760_2000  2751.610  1965.410     -1    12848    13136  -1.0000  -1.0000  -1.0000  -1.0000
    31751122 fnpc7023.fnal.gov   AuthenticAMD  4599.41  760_2000  2751.110  1914.450     -1    27291    27780  -1.0000  -1.0000  -1.0000  -1.0000
    31751122 fnpc9043.fnal.gov   GenuineIntel  4799.71  760_2000  2748.990  1912.100     -1    12322    12489  -1.0000  -1.0000  -1.0000  -1.0000
    31751122 fnpc6015.fnal.gov   AuthenticAMD  4599.50  760_2000  2749.300  1930.330     -1    28834    30034  -1.0000  -1.0000  -1.0000  -1.0000
    31751122 fnpc6024.fnal.gov   AuthenticAMD  4599.37  760_2000  2748.800  1910.790     -1    28210    28507  -1.0000  -1.0000  -1.0000  -1.0000
    31751122 fnpc6022.fnal.gov   AuthenticAMD  4598.49  760_2000  2749.080  1909.420     -1    26663    27281  -1.0000  -1.0000  -1.0000  -1.0000
    31751122 fnpc9062.fnal.gov   GenuineIntel  4799.71  760_2000  2749.480  1963.940     -1    11800    11955  -1.0000  -1.0000  -1.0000  -1.0000
    31751122 fnpc7018.fnal.gov   AuthenticAMD  4599.42  760_2000  2751.610  1900.950     -1    29744    30620  -1.0000  -1.0000  -1.0000  -1.0000
    31751122 fnpc7011.fnal.gov   AuthenticAMD  4599.41  760_2000  2748.210  1908.180     -1    26794    27140  -1.0000  -1.0000  -1.0000  -1.0000
    31751122 fnpc6005.fnal.gov   AuthenticAMD  4599.43  760_2000  2748.050  1901.560     -1    27617    27974  -1.0000  -1.0000  -1.0000  -1.0000
    31751122 fnpc7009.fnal.gov   AuthenticAMD  4599.40  760_2000  2750.170  1913.710     -1    25506    26169  -1.0000  -1.0000  -1.0000  -1.0000
    31751122 fnpc6014.fnal.gov   AuthenticAMD  4599.43  760_2000  2752.670  1909.460     -1    27657    28356  -1.0000  -1.0000  -1.0000  -1.0000
    31751122 fnpc7003.fnal.gov   AuthenticAMD  4601.45  760_2000  2750.610  1949.660     -1    26680    26980  -1.0000  -1.0000  -1.0000  -1.0000
    31751122 fnpc9021.fnal.gov   GenuineIntel  4799.31  760_2000  2750.130  1888.000     -1    12189    12393  -1.0000  -1.0000  -1.0000  -1.0000
    31751122 fnpc9101.fnal.gov   GenuineIntel  4799.30  760_2000  2751.030  1890.420     -1    12322    12408  -1.0000  -1.0000  -1.0000  -1.0000
    31751122 fnpc9078.fnal.gov   GenuineIntel  4799.31  760_2000  2747.450  1962.930     -1    11744    12469  -1.0000  -1.0000  -1.0000  -1.0000
    31751122 fnpc8014.fnal.gov   GenuineIntel  4605.44  760_2000  2749.350  1903.330     -1    21701    23620  -1.0000  -1.0000  -1.0000  -1.0000
    31751122 fnpc7203.fnal.gov   GenuineIntel  4605.77  760_2000  2748.190  1916.160     -1    21803    23052  -1.0000  -1.0000  -1.0000  -1.0000
    31751122 fnpc8016.fnal.gov   GenuineIntel  4605.51  760_2000  2748.310  1906.740     -1    21760    22600  -1.0000  -1.0000  -1.0000  -1.0000
    31751122 fnpc17152.fnal.gov  GenuineIntel  4605.55  760_2000  2751.030  1909.240     -1    21492    23295  -1.0000  -1.0000  -1.0000  -1.0000
    31751122 fnpc17159.fnal.gov  GenuineIntel  4605.44  760_2000  2750.890  1946.140     -1    13823    14071  -1.0000  -1.0000  -1.0000  -1.0000
    31751122 fnpc9020.fnal.gov   GenuineIntel  4800.49  760_2000  2750.750  1914.170     -1    12306    12531  -1.0000  -1.0000  -1.0000  -1.0000
    31751122 fnpc9076.fnal.gov   GenuineIntel  4799.34  760_2000  2750.500  1962.950     -1    13045    13157  -1.0000  -1.0000  -1.0000  -1.0000
    31751122 fnpc17120.fnal.gov  GenuineIntel  4605.56  760_2000  2748.900  1911.070     -1    21767    23945  -1.0000  -1.0000  -1.0000  -1.0000
    31751122 fnpc17156.fnal.gov  GenuineIntel  4605.48  760_2000  2746.610  1947.520     -1    22325    24510  -1.0000  -1.0000  -1.0000  -1.0000
    31751122 fnpc9076.fnal.gov   GenuineIntel  4799.34  760_2000  2749.840  1948.660     -1    13103    13223  -1.0000  -1.0000  -1.0000  -1.0000
    31751122 fnpc9017.fnal.gov   GenuineIntel  4799.31  760_2000  2751.670  1956.920     -1    13274    13790  -1.0000  -1.0000  -1.0000  -1.0000
    31751122 fnpc9050.fnal.gov   GenuineIntel  4799.30  760_2000  2751.120  1915.610     -1    15076    15313  -1.0000  -1.0000  -1.0000  -1.0000
    31751122 fnpc6024.fnal.gov   AuthenticAMD  4599.37  760_2000  2751.090  1910.450     -1    28203    28544  -1.0000  -1.0000  -1.0000  -1.0000
    31751122 fnpc8016.fnal.gov   GenuineIntel  4605.51  760_2000  2750.660  1908.630     -1    21707    22512  -1.0000  -1.0000  -1.0000  -1.0000
    31751122 fnpc6000.fnal.gov   AuthenticAMD  4599.51  760_2000  2752.900  1910.670     -1    28549    28939  -1.0000  -1.0000  -1.0000  -1.0000
    31751122 fnpc17143.fnal.gov  GenuineIntel  4605.39  760_2000  2749.820  1908.020     -1    16111    16610  -1.0000  -1.0000  -1.0000  -1.0000
    31751122 fnpc6005.fnal.gov   AuthenticAMD  4599.43  760_2000  2748.820  1891.950     -1    27202    27572  -1.0000  -1.0000  -1.0000  -1.0000
    31751122 fnpc8014.fnal.gov   GenuineIntel  4605.44  760_2000  2750.010  1904.880     -1    21845    23737  -1.0000  -1.0000  -1.0000  -1.0000
    31751122 fnpc7203.fnal.gov   GenuineIntel  4605.77  760_2000  2748.970  1918.710     -1    21850    23074  -1.0000  -1.0000  -1.0000  -1.0000
    31751122 fnpc7010.fnal.gov   AuthenticAMD  4599.39  760_2000  2753.020  1933.120     -1    25733    26147  -1.0000  -1.0000  -1.0000  -1.0000
    31751122 fnpc17110.fnal.gov  GenuineIntel  4605.74  760_2000  2752.670  1962.110     -1    12015    12244  -1.0000  -1.0000  -1.0000  -1.0000
    31751122 fnpc7030.fnal.gov   AuthenticAMD  4601.86  760_2000  2748.580  1946.750     -1    26595    26940  -1.0000  -1.0000  -1.0000  -1.0000
    31751122 fnpc6018.fnal.gov   AuthenticAMD  4599.38  760_2000  2751.320  1943.740     -1    25308    25638  -1.0000  -1.0000  -1.0000  -1.0000
    31751122 fnpc6013.fnal.gov   AuthenticAMD  4599.41  760_2000  2753.290  1903.040     -1    26396    26655  -1.0000  -1.0000  -1.0000  -1.0000
    31751122 fnpc7020.fnal.gov   AuthenticAMD  4599.37  760_2000  2748.280  1905.170     -1    24744    25023  -1.0000  -1.0000  -1.0000  -1.0000
    31751122 fnpc9076.fnal.gov   GenuineIntel  4799.34  760_2000  2748.840  1947.620     -1    13184    13290  -1.0000  -1.0000  -1.0000  -1.0000
    31751122 fnpc17120.fnal.gov  GenuineIntel  4605.56  760_2000  2749.170  1904.500     -1    21756    23540  -1.0000  -1.0000  -1.0000  -1.0000
    31751122 fnpc17152.fnal.gov  GenuineIntel  4605.55  760_2000  2750.290  1909.810     -1    21387    23191  -1.0000  -1.0000  -1.0000  -1.0000
    31751122 fnpc17114.fnal.gov  GenuineIntel  4605.63  760_2000  2750.240  1965.750     -1    20193    20840  -1.0000  -1.0000  -1.0000  -1.0000
    31751122 fnpc9050.fnal.gov   GenuineIntel  4799.30  760_2000  2747.770  1898.050     -1    15126    15330  -1.0000  -1.0000  -1.0000  -1.0000
    31751122 fnpc17132.fnal.gov  GenuineIntel  4605.25  760_2000  2750.030  1890.780     -1    19279    19647  -1.0000  -1.0000  -1.0000  -1.0000
    31751122 fnpc17159.fnal.gov  GenuineIntel  4605.44  760_2000  2752.540  1958.260     -1    14087    14413  -1.0000  -1.0000  -1.0000  -1.0000
    31751122 fnpc6031.fnal.gov   AuthenticAMD  4599.39  760_2000  2748.250  1928.890     -1    28726    29277  -1.0000  -1.0000  -1.0000  -1.0000
    31751122 fnpc17143.fnal.gov  GenuineIntel  4605.39  760_2000  2751.350  1910.820     -1    16096    16644  -1.0000  -1.0000  -1.0000  -1.0000
    31751122 fnpc17156.fnal.gov  GenuineIntel  4605.48  760_2000  2749.580  1969.750     -1    22222    24530  -1.0000  -1.0000  -1.0000  -1.0000
    31751122 fnpc17110.fnal.gov  GenuineIntel  4605.74  760_2000  2749.330  1960.190     -1    12017    12275  -1.0000  -1.0000  -1.0000  -1.0000
    31751122 fnpc7020.fnal.gov   AuthenticAMD  4599.37  760_2000  2748.160  1887.660     -1    26542    26879  -1.0000  -1.0000  -1.0000  -1.0000
    31751122 fnpc9076.fnal.gov   GenuineIntel  4799.34  760_2000  2748.490  1947.210     -1    13033    13174  -1.0000  -1.0000  -1.0000  -1.0000
    31751122 fnpc9050.fnal.gov   GenuineIntel  4799.30  760_2000  2749.060  1899.280     -1    14975    15172  -1.0000  -1.0000  -1.0000  -1.0000
    31751122 fnpc6031.fnal.gov   AuthenticAMD  4599.39  760_2000  2750.160  1932.620     -1    28589    29109  -1.0000  -1.0000  -1.0000  -1.0000
    31751122 fnpc17132.fnal.gov  GenuineIntel  4605.25  760_2000  2752.220  1911.040     -1    20224    21037  -1.0000  -1.0000  -1.0000  -1.0000
    31751122 fnpc9076.fnal.gov   GenuineIntel  4799.34  760_2000  2748.590  1966.100     -1    13148    13259  -1.0000  -1.0000  -1.0000  -1.0000
    31751122 fnpc17110.fnal.gov  GenuineIntel  4605.74  760_2000  2752.370  1967.670     -1    12038    12237  -1.0000  -1.0000  -1.0000  -1.0000
    31751122 fnpc17152.fnal.gov  GenuineIntel  4605.55  760_2000  2750.870  1894.330     -1    21279    23325  -1.0000  -1.0000  -1.0000  -1.0000
    31751122 fnpc6031.fnal.gov   AuthenticAMD  4599.39  760_2000  2752.760  1944.820     -1    26708    27221  -1.0000  -1.0000  -1.0000  -1.0000
    31751122 fnpc9050.fnal.gov   GenuineIntel  4799.30  760_2000  2750.270  1913.830     -1    15158    15331  -1.0000  -1.0000  -1.0000  -1.0000
    31751122 fnpc17143.fnal.gov  GenuineIntel  4605.39  760_2000  2750.180  1908.790     -1    16174    16819  -1.0000  -1.0000  -1.0000  -1.0000
    31751122 fnpc9076.fnal.gov   GenuineIntel  4799.34  760_2000  2750.680  1965.660     -1    13066    13175  -1.0000  -1.0000  -1.0000  -1.0000
    31751122 fnpc17156.fnal.gov  GenuineIntel  4605.48  760_2000  2749.950  1966.500     -1    22220    24507  -1.0000  -1.0000  -1.0000  -1.0000
    31751122 fnpc6031.fnal.gov   AuthenticAMD  4599.39  760_2000  2751.510  1948.660     -1    27022    27555  -1.0000  -1.0000  -1.0000  -1.0000
    31751122 fnpc17114.fnal.gov  GenuineIntel  4605.63  760_2000  2750.070  1967.730     -1    20079    20747  -1.0000  -1.0000  -1.0000  -1.0000
    31751122 fnpc17143.fnal.gov  GenuineIntel  4605.39  760_2000  2747.900  1906.490     -1    16092    16645  -1.0000  -1.0000  -1.0000  -1.0000
    31751122 fnpc6031.fnal.gov   AuthenticAMD  4599.39  760_2000  2747.630  1928.470     -1    28447    28933  -1.0000  -1.0000  -1.0000  -1.0000
    31751122 fnpc17152.fnal.gov  GenuineIntel  4605.55  760_2000  2748.140  1906.940     -1    21359    23250  -1.0000  -1.0000  -1.0000  -1.0000
    31751122 fnpc17102.fnal.gov  GenuineIntel  4605.19  760_2000  2749.380  1915.680     -1    14164    14566  -1.0000  -1.0000  -1.0000  -1.0000
    31751122 fnpc17102.fnal.gov  GenuineIntel  4605.19  760_2000  2749.340  1916.920     -1    13989    14376  -1.0000  -1.0000  -1.0000  -1.0000
    31751122 fnpc19111.fnal.gov  AuthenticAMD  4999.98  760_2000  2745.850  1889.320     -1     9566     9627  -1.0000  -1.0000  -1.0000  -1.0000
    31751122 fnpc19137.fnal.gov  AuthenticAMD  4999.92  760_2000  2751.800  1964.910     -1    10097    10158  -1.0000  -1.0000  -1.0000  -1.0000
    31751122 fnpc19120.fnal.gov  AuthenticAMD  4999.91  760_2000  2752.350  1930.000     -1     9905    10004  -1.0000  -1.0000  -1.0000  -1.0000
    31751122 fnpc19135.fnal.gov  AuthenticAMD  4999.99  760_2000  2748.140  1907.050     -1    10303    10903  -1.0000  -1.0000  -1.0000  -1.0000
    31751122 fnpc19118.fnal.gov  AuthenticAMD  4999.90  760_2000  2750.680  1949.760     -1     9848     9972  -1.0000  -1.0000  -1.0000  -1.0000
    31751122 fnpc19124.fnal.gov  AuthenticAMD  4999.98  760_2000  2750.510  1898.460     -1    10292    10414  -1.0000  -1.0000  -1.0000  -1.0000
    31751122 fnpc19136.fnal.gov  AuthenticAMD  4999.91  760_2000  2751.890  1944.750     -1     9941    10015  -1.0000  -1.0000  -1.0000  -1.0000
    31751122 fnpc19112.fnal.gov  AuthenticAMD  5000.02  760_2000  2753.170  1957.190     -1     9399     9682  -1.0000  -1.0000  -1.0000  -1.0000
    31751122 fnpc19112.fnal.gov  AuthenticAMD  5000.02  760_2000  2753.330  1964.830     -1     9249     9305  -1.0000  -1.0000  -1.0000  -1.0000
    31751122 fnpc19112.fnal.gov  AuthenticAMD  5000.02  760_2000  2749.710  1955.490     -1     9256     9320  -1.0000  -1.0000  -1.0000  -1.0000
    31751122 fnpc17102.fnal.gov  GenuineIntel  4605.19  760_2000  2749.730  1967.030     -1    12911    13277  -1.0000  -1.0000  -1.0000  -1.0000
    31751122 fnpc8205.fnal.gov   GenuineIntel  4605.61  760_2000  2749.290  1907.060     -1    17757    17914  -1.0000  -1.0000  -1.0000  -1.0000
    31751122 fnpc7305.fnal.gov   GenuineIntel  4618.59  760_2000  2751.540  1960.460     -1    15633    15698  -1.0000  -1.0000  -1.0000  -1.0000
    31751122 fnpc7309.fnal.gov   GenuineIntel  4615.99  760_2000  2748.880  1963.290     -1    15977    16046  -1.0000  -1.0000  -1.0000  -1.0000
    31751122 fnpc7021.fnal.gov   AuthenticAMD  4599.40  760_2000  2748.490  1906.020     -1    30791    32669  -1.0000  -1.0000  -1.0000  -1.0000
    31751122 fnpc7209.fnal.gov   GenuineIntel  4605.44  760_2000  2748.740  1906.460     -1    21750    23917  -1.0000  -1.0000  -1.0000  -1.0000
    31751122 fnpc8008.fnal.gov   GenuineIntel  4611.74  760_2000  2750.240  1906.540     -1    33838    35771  -1.0000  -1.0000  -1.0000  -1.0000
    31751122 fnpc17150.fnal.gov  GenuineIntel  4605.55  760_2000  2753.790  1911.730     -1    21509    22821  -1.0000  -1.0000  -1.0000  -1.0000
    31751122 fnpc5018.fnal.gov   AuthenticAMD  4600.07  760_2000  2749.140  1889.580     -1    27339    28255  -1.0000  -1.0000  -1.0000  -1.0000
    31751122 fnpc8018.fnal.gov   GenuineIntel  4611.82  760_2000  2749.960  1969.030     -1    14790    16328  -1.0000  -1.0000  -1.0000  -1.0000
    31751122 fnpc17138.fnal.gov  GenuineIntel  4605.77  760_2000  2751.450  1910.610     -1    22310    23872  -1.0000  -1.0000  -1.0000  -1.0000
    31751122 fnpc9025.fnal.gov   GenuineIntel  4799.45  760_2000  2747.160  1951.470     -1    17642    18928  -1.0000  -1.0000  -1.0000  -1.0000
    31751122 fnpc17155.fnal.gov  GenuineIntel  4605.70  760_2000  2747.060  1942.830     -1    17916    18216  -1.0000  -1.0000  -1.0000  -1.0000
    31751122 fnpc17158.fnal.gov  GenuineIntel  4605.58  760_2000  2749.480  1902.110     -1    13139    13626  -1.0000  -1.0000  -1.0000  -1.0000
    31751122 fnpc17132.fnal.gov  GenuineIntel  4605.25  760_2000  2749.400  1906.040     -1    19186    19616  -1.0000  -1.0000  -1.0000  -1.0000
    31751122 fnpc9050.fnal.gov   GenuineIntel  4799.30  760_2000  2749.240  1961.650     -1    15003    15182  -1.0000  -1.0000  -1.0000  -1.0000
    31751122 fnpc17104.fnal.gov  GenuineIntel  4605.73  760_2000  2750.050  1908.310     -1    19418    20050  -1.0000  -1.0000  -1.0000  -1.0000
    31751122 fnpc7026.fnal.gov   AuthenticAMD  4599.57  760_2000  2752.420  1910.830     -1    27845    28450  -1.0000  -1.0000  -1.0000  -1.0000
    31751122 fnpc9003.fnal.gov   GenuineIntel  4800.07  760_2000  2750.230  1898.650     -1    12613    13291  -1.0000  -1.0000  -1.0000  -1.0000
    31751122 fnpc17129.fnal.gov  GenuineIntel  4605.70  760_2000  2751.910  1910.530     -1    16341    16485  -1.0000  -1.0000  -1.0000  -1.0000
    31751122 fnpc6005.fnal.gov   AuthenticAMD  4599.43  760_2000  2750.070  1892.520     -1    25697    26001  -1.0000  -1.0000  -1.0000  -1.0000
    31751122 fnpc9007.fnal.gov   GenuineIntel  4799.30  760_2000  2751.940  1956.180     -1    13594    14071  -1.0000  -1.0000  -1.0000  -1.0000
    31751122 fnpc6024.fnal.gov   AuthenticAMD  4599.37  760_2000  2751.230  1895.070     -1    28102    28480  -1.0000  -1.0000  -1.0000  -1.0000
    31751122 fnpc9021.fnal.gov   GenuineIntel  4799.31  760_2000  2747.170  1886.180     -1    11872    12092  -1.0000  -1.0000  -1.0000  -1.0000
    31751122 fnpc9040.fnal.gov   GenuineIntel  4800.47  760_2000  2749.030  1941.980     -1    12365    12902  -1.0000  -1.0000  -1.0000  -1.0000
    31751122 fnpc9009.fnal.gov   GenuineIntel  4800.06  760_2000  2749.410  1957.970     -1    11836    11966  -1.0000  -1.0000  -1.0000  -1.0000
    31751122 fnpc19128.fnal.gov  AuthenticAMD  4999.94  760_2000  2749.340  1905.930     -1    11233    11308  -1.0000  -1.0000  -1.0000  -1.0000
    31751122 fnpc19139.fnal.gov  AuthenticAMD  5000.00  760_2000  2752.670  1907.340     -1     9965    10050  -1.0000  -1.0000  -1.0000  -1.0000
    31751122 fnpc19121.fnal.gov  AuthenticAMD  4999.91  760_2000  2751.480  1949.520     -1    10638    10705  -1.0000  -1.0000  -1.0000  -1.0000
    31751122 fnpc19108.fnal.gov  AuthenticAMD  5000.00  760_2000  2748.100  1911.440     -1     9998    10053  -1.0000  -1.0000  -1.0000  -1.0000
    31751122 fnpc19120.fnal.gov  AuthenticAMD  4999.91  760_2000  2750.890  1966.440     -1     9804     9877  -1.0000  -1.0000  -1.0000  -1.0000
    31751122 fnpc19124.fnal.gov  AuthenticAMD  4999.98  760_2000  2747.390  1908.720     -1    10049    10171  -1.0000  -1.0000  -1.0000  -1.0000
    31751122 fnpc19102.fnal.gov  AuthenticAMD  4999.98  760_2000  2751.480  1914.220     -1     9467     9534  -1.0000  -1.0000  -1.0000  -1.0000
    31751122 fnpc9025.fnal.gov   GenuineIntel  4799.45  760_2000  2751.030  1975.870     -1    17662    18644  -1.0000  -1.0000  -1.0000  -1.0000
    31751122 fnpc6005.fnal.gov   AuthenticAMD  4599.43  760_2000  2750.190  1885.680     -1    26144    26460  -1.0000  -1.0000  -1.0000  -1.0000
    31751122 fnpc9007.fnal.gov   GenuineIntel  4799.30  760_2000  2750.260  1966.240     -1    13797    14328  -1.0000  -1.0000  -1.0000  -1.0000
    31751122 fnpc9009.fnal.gov   GenuineIntel  4800.06  760_2000  2749.490  1958.530     -1    11757    11936  -1.0000  -1.0000  -1.0000  -1.0000
    31751122 fnpc19128.fnal.gov  AuthenticAMD  4999.94  760_2000  2750.340  1911.240     -1    10458    10663  -1.0000  -1.0000  -1.0000  -1.0000
    31751122 fnpc19139.fnal.gov  AuthenticAMD  5000.00  760_2000  2749.110  1895.810     -1     9864     9948  -1.0000  -1.0000  -1.0000  -1.0000
    31751122 fnpc7209.fnal.gov   GenuineIntel  4605.44  760_2000  2748.880  1908.650     -1    21988    23955  -1.0000  -1.0000  -1.0000  -1.0000
    31751122 fnpc17132.fnal.gov  GenuineIntel  4605.25  760_2000  2749.290  1907.230     -1    19459    19820  -1.0000  -1.0000  -1.0000  -1.0000
    31751122 fnpc7026.fnal.gov   AuthenticAMD  4599.57  760_2000  2751.340  1901.430     -1    29421    29969  -1.0000  -1.0000  -1.0000  -1.0000
    31751122 fnpc19108.fnal.gov  AuthenticAMD  5000.00  760_2000  2750.800  1914.450     -1    10010    10069  -1.0000  -1.0000  -1.0000  -1.0000
    31751122 fnpc19120.fnal.gov  AuthenticAMD  4999.91  760_2000  2749.180  1952.560     -1     9846     9998  -1.0000  -1.0000  -1.0000  -1.0000
    31751122 fnpc19124.fnal.gov  AuthenticAMD  4999.98  760_2000  2751.800  1914.560     -1    10234    10297  -1.0000  -1.0000  -1.0000  -1.0000
    31751122 fnpc19102.fnal.gov  AuthenticAMD  4999.98  760_2000  2749.000  1912.280     -1     9772     9879  -1.0000  -1.0000  -1.0000  -1.0000
    31751122 fnpc9007.fnal.gov   GenuineIntel  4799.30  760_2000  2750.260  1962.390     -1    13566    14346  -1.0000  -1.0000  -1.0000  -1.0000
    31751122 fnpc9009.fnal.gov   GenuineIntel  4800.06  760_2000  2750.740  1973.770     -1    11839    11978  -1.0000  -1.0000  -1.0000  -1.0000
    31751122 fnpc19128.fnal.gov  AuthenticAMD  4999.94  760_2000  2752.230  1911.400     -1    10400    10503  -1.0000  -1.0000  -1.0000  -1.0000
    31751122 fnpc6005.fnal.gov   AuthenticAMD  4599.43  760_2000  2749.830  1908.490     -1    26507    26802  -1.0000  -1.0000  -1.0000  -1.0000
    31751122 fnpc9009.fnal.gov   GenuineIntel  4800.06  760_2000  2750.620  1972.660     -1    11849    12009  -1.0000  -1.0000  -1.0000  -1.0000
    31751122 fnpc19108.fnal.gov  AuthenticAMD  5000.00  760_2000  2751.900  1915.290     -1    10176    10264  -1.0000  -1.0000  -1.0000  -1.0000
    31751122 fnpc7026.fnal.gov   AuthenticAMD  4599.57  760_2000  2747.420  1900.580     -1    27968    28594  -1.0000  -1.0000  -1.0000  -1.0000
    31751122 fnpc19128.fnal.gov  AuthenticAMD  4999.94  760_2000  2749.540  1909.110     -1    10367    10427  -1.0000  -1.0000  -1.0000  -1.0000
    31751122 fnpc17158.fnal.gov  GenuineIntel  4605.58  760_2000  2750.180  1893.020     -1    13076    13536  -1.0000  -1.0000  -1.0000  -1.0000
    31751122 fnpc8008.fnal.gov   GenuineIntel  4611.74  760_2000  2751.380  1909.350     -1    36979    39025  -1.0000  -1.0000  -1.0000  -1.0000
    31751122 fnpc17129.fnal.gov  GenuineIntel  4605.70  760_2000  2750.680  1909.720     -1    16260    16412  -1.0000  -1.0000  -1.0000  -1.0000
    31751122 fnpc17132.fnal.gov  GenuineIntel  4605.25  760_2000  2747.250  1904.030     -1    20478    21081  -1.0000  -1.0000  -1.0000  -1.0000
    31751122 fnpc17132.fnal.gov  GenuineIntel  4605.25  760_2000  2749.410  1908.690     -1    19247    19590  -1.0000  -1.0000  -1.0000  -1.0000
    31751122 fnpc17104.fnal.gov  GenuineIntel  4605.73  760_2000  2753.520  1898.820     -1    19423    19981  -1.0000  -1.0000  -1.0000  -1.0000
    31751122 fnpc8008.fnal.gov   GenuineIntel  4611.74  760_2000  2750.720  1907.750     -1    36287    38289  -1.0000  -1.0000  -1.0000  -1.0000
    31751122 fnpc17132.fnal.gov  GenuineIntel  4605.25  760_2000  2750.620  1894.260     -1    20578    21166  -1.0000  -1.0000  -1.0000  -1.0000
    31751122 fnpc9050.fnal.gov   GenuineIntel  4799.30  760_2000  2750.460  1949.500     -1    15080    15235  -1.0000  -1.0000  -1.0000  -1.0000
    31751122 fnpc17132.fnal.gov  GenuineIntel  4605.25  760_2000  2751.100  1896.460     -1    19209    19513  -1.0000  -1.0000  -1.0000  -1.0000
    31751122 fnpc17129.fnal.gov  GenuineIntel  4605.70  760_2000  2749.670  1907.960     -1    16304    16562  -1.0000  -1.0000  -1.0000  -1.0000
    31751122 fnpc8018.fnal.gov   GenuineIntel  4611.82  760_2000  2749.950  1968.710     -1    15098    16615  -1.0000  -1.0000  -1.0000  -1.0000
    31751122 fnpc17129.fnal.gov  GenuineIntel  4605.70  760_2000  2750.900  1909.340     -1    16325    16680  -1.0000  -1.0000  -1.0000  -1.0000
    31751122 fnpc9050.fnal.gov   GenuineIntel  4799.30  760_2000  2748.650  1950.790     -1    15176    15608  -1.0000  -1.0000  -1.0000  -1.0000
    31751122 fnpc8018.fnal.gov   GenuineIntel  4611.82  760_2000  2748.840  1952.840     -1    14794    16265  -1.0000  -1.0000  -1.0000  -1.0000
    31751122 fnpc8018.fnal.gov   GenuineIntel  4611.82  760_2000  2752.230  1972.470     -1    14581    16089  -1.0000  -1.0000  -1.0000  -1.0000
    31751122 fnpc7211.fnal.gov   GenuineIntel  4611.86  760_2000  2747.450  1899.410     -1    21910    24022  -1.0000  -1.0000  -1.0000  -1.0000
    31751122 fnpc8201.fnal.gov   GenuineIntel  4611.97  760_2000  2750.840  1964.560     -1    17579    17705  -1.0000  -1.0000  -1.0000  -1.0000
    31751122 fnpc8209.fnal.gov   GenuineIntel  4605.83  760_2000  2748.940  1961.330     -1    17994    18094  -1.0000  -1.0000  -1.0000  -1.0000
    31751122 fnpc7302.fnal.gov   GenuineIntel  4616.36  760_2000  2751.070  1911.220     -1    15431    15552  -1.0000  -1.0000  -1.0000  -1.0000
    31751122 fnpc17152.fnal.gov  GenuineIntel  4605.55  760_2000  2748.310  1906.280     -1    21455    23266  -1.0000  -1.0000  -1.0000  -1.0000
    31751122 fnpc7206.fnal.gov   GenuineIntel  4605.30  760_2000  2749.280  1893.140     -1    21772    22681  -1.0000  -1.0000  -1.0000  -1.0000
    31751122 fnpc7202.fnal.gov   GenuineIntel  4606.28  760_2000  2749.530  1894.330     -1    21928    23023  -1.0000  -1.0000  -1.0000  -1.0000
    31751122 fnpc8001.fnal.gov   GenuineIntel  4605.88  760_2000  2747.880  1891.320     -1    21503    21874  -1.0000  -1.0000  -1.0000  -1.0000
    31751122 fnpc5037.fnal.gov   AuthenticAMD  4600.62  760_2000  2747.760  1940.090     -1    28222    30218  -1.0000  -1.0000  -1.0000  -1.0000
    31751122 fnpc5020.fnal.gov   AuthenticAMD  4600.08  760_2000  2748.150  1884.660     -1    27190    27810  -1.0000  -1.0000  -1.0000  -1.0000
    31751122 fnpc9053.fnal.gov   GenuineIntel  4800.08  760_2000  2750.130  1960.860     -1    18007    19006  -1.0000  -1.0000  -1.0000  -1.0000
    31751122 fnpc9016.fnal.gov   GenuineIntel  4799.31  760_2000  2751.110  1909.980     -1    18500    19758  -1.0000  -1.0000  -1.0000  -1.0000
    31751122 fnpc5027.fnal.gov   AuthenticAMD  4600.06  760_2000  2749.430  1923.520     -1    27109    27636  -1.0000  -1.0000  -1.0000  -1.0000
    31751122 fnpc9048.fnal.gov   GenuineIntel  4799.29  760_2000  2750.090  1913.320     -1    14845    15085  -1.0000  -1.0000  -1.0000  -1.0000
    31751122 fnpc7008.fnal.gov   AuthenticAMD  4599.38  760_2000  2749.310  1954.630     -1    26185    26501  -1.0000  -1.0000  -1.0000  -1.0000
    31751122 fnpc6021.fnal.gov   AuthenticAMD  4599.37  760_2000  2751.370  1950.040     -1    24400    24734  -1.0000  -1.0000  -1.0000  -1.0000
    31751122 fnpc7011.fnal.gov   AuthenticAMD  4599.41  760_2000  2751.990  1899.180     -1    27438    27754  -1.0000  -1.0000  -1.0000  -1.0000
    31751122 fnpc6027.fnal.gov   AuthenticAMD  4599.76  760_2000  2747.150  1907.820     -1    25769    26336  -1.0000  -1.0000  -1.0000  -1.0000
    31751122 fnpc9021.fnal.gov   GenuineIntel  4799.31  760_2000  2747.540  1890.340     -1    11901    12056  -1.0000  -1.0000  -1.0000  -1.0000
    31751122 fnpc9047.fnal.gov   GenuineIntel  4799.72  760_2000  2751.230  1957.670     -1    12382    12595  -1.0000  -1.0000  -1.0000  -1.0000
    31751122 fnpc9040.fnal.gov   GenuineIntel  4800.47  760_2000  2752.930  1959.370     -1    12409    12589  -1.0000  -1.0000  -1.0000  -1.0000
    31751122 fnpc17133.fnal.gov  GenuineIntel  4605.58  760_2000  2749.690  1945.420     -1    13795    13932  -1.0000  -1.0000  -1.0000  -1.0000
    31751122 fnpc17131.fnal.gov  GenuineIntel  4605.56  760_2000  2752.340  1965.850     -1    14985    15168  -1.0000  -1.0000  -1.0000  -1.0000
    31751122 fnpc17108.fnal.gov  GenuineIntel  4605.28  760_2000  2751.010  1964.920     -1    11649    11776  -1.0000  -1.0000  -1.0000  -1.0000
    31751122 fnpc7007.fnal.gov   AuthenticAMD  4599.35  760_2000  2752.470  1940.200     -1    26585    27053  -1.0000  -1.0000  -1.0000  -1.0000
    31751122 fnpc19128.fnal.gov  AuthenticAMD  4999.94  760_2000  2748.550  1905.900     -1    11237    11308  -1.0000  -1.0000  -1.0000  -1.0000
    31751122 fnpc19126.fnal.gov  AuthenticAMD  5000.00  760_2000  2749.630  1898.530     -1     9866     9947  -1.0000  -1.0000  -1.0000  -1.0000
    31751122 fnpc19111.fnal.gov  AuthenticAMD  4999.98  760_2000  2751.230  1896.710     -1    10299    10357  -1.0000  -1.0000  -1.0000  -1.0000
    31751122 fnpc19135.fnal.gov  AuthenticAMD  4999.99  760_2000  2750.160  1894.260     -1     9854     9919  -1.0000  -1.0000  -1.0000  -1.0000
    31751122 fnpc9053.fnal.gov   GenuineIntel  4800.08  760_2000  2748.060  1963.720     -1    18002    18901  -1.0000  -1.0000  -1.0000  -1.0000
    31751122 fnpc9048.fnal.gov   GenuineIntel  4799.29  760_2000  2747.040  1910.070     -1    15239    15418  -1.0000  -1.0000  -1.0000  -1.0000
    31751122 fnpc9047.fnal.gov   GenuineIntel  4799.72  760_2000  2748.140  1958.870     -1    12227    12441  -1.0000  -1.0000  -1.0000  -1.0000
    31751122 fnpc8209.fnal.gov   GenuineIntel  4605.83  760_2000  2751.060  1968.510     -1    17960    18057  -1.0000  -1.0000  -1.0000  -1.0000
    31751122 fnpc9016.fnal.gov   GenuineIntel  4799.31  760_2000  2749.410  1904.900     -1    18540    19805  -1.0000  -1.0000  -1.0000  -1.0000
    31751122 fnpc9040.fnal.gov   GenuineIntel  4800.47  760_2000  2748.560  1957.700     -1    12304    12513  -1.0000  -1.0000  -1.0000  -1.0000
    31751122 fnpc17108.fnal.gov  GenuineIntel  4605.28  760_2000  2748.660  1962.390     -1    12519    12678  -1.0000  -1.0000  -1.0000  -1.0000
    31751122 fnpc19128.fnal.gov  AuthenticAMD  4999.94  760_2000  2750.200  1907.040     -1    11149    11362  -1.0000  -1.0000  -1.0000  -1.0000
    31751122 fnpc19126.fnal.gov  AuthenticAMD  5000.00  760_2000  2750.550  1898.370     -1     9855     9927  -1.0000  -1.0000  -1.0000  -1.0000
    31751122 fnpc19111.fnal.gov  AuthenticAMD  4999.98  760_2000  2753.110  1912.230     -1     9644     9714  -1.0000  -1.0000  -1.0000  -1.0000
    31751122 fnpc19135.fnal.gov  AuthenticAMD  4999.99  760_2000  2751.240  1898.370     -1     9839     9948  -1.0000  -1.0000  -1.0000  -1.0000
    31751122 fnpc9048.fnal.gov   GenuineIntel  4799.29  760_2000  2751.840  1897.720     -1    14910    15288  -1.0000  -1.0000  -1.0000  -1.0000
    31751122 fnpc9047.fnal.gov   GenuineIntel  4799.72  760_2000  2749.060  1947.370     -1    12220    12401  -1.0000  -1.0000  -1.0000  -1.0000
    31751122 fnpc9053.fnal.gov   GenuineIntel  4800.08  760_2000  2751.640  1963.430     -1    18231    19204  -1.0000  -1.0000  -1.0000  -1.0000
    31751122 fnpc17108.fnal.gov  GenuineIntel  4605.28  760_2000  2751.150  1964.280     -1    11675    11808  -1.0000  -1.0000  -1.0000  -1.0000
    31751122 fnpc7202.fnal.gov   GenuineIntel  4606.28  760_2000  2750.290  1893.800     -1    22094    23079  -1.0000  -1.0000  -1.0000  -1.0000
    31751122 fnpc9016.fnal.gov   GenuineIntel  4799.31  760_2000  2751.660  1911.310     -1    18438    19696  -1.0000  -1.0000  -1.0000  -1.0000
    31751122 fnpc9040.fnal.gov   GenuineIntel  4800.47  760_2000  2750.880  1963.040     -1    12342    12523  -1.0000  -1.0000  -1.0000  -1.0000
    31751122 fnpc19128.fnal.gov  AuthenticAMD  4999.94  760_2000  2749.290  1890.950     -1    10438    10533  -1.0000  -1.0000  -1.0000  -1.0000
    31751122 fnpc19126.fnal.gov  AuthenticAMD  5000.00  760_2000  2750.580  1914.390     -1     9848     9961  -1.0000  -1.0000  -1.0000  -1.0000
    31751122 fnpc17108.fnal.gov  GenuineIntel  4605.28  760_2000  2749.020  1966.230     -1    12059    12171  -1.0000  -1.0000  -1.0000  -1.0000
    31751122 fnpc7202.fnal.gov   GenuineIntel  4606.28  760_2000  2750.190  1893.700     -1    21918    22941  -1.0000  -1.0000  -1.0000  -1.0000
    31751122 fnpc9053.fnal.gov   GenuineIntel  4800.08  760_2000  2751.900  1952.500     -1    18437    19428  -1.0000  -1.0000  -1.0000  -1.0000
    31751122 fnpc9016.fnal.gov   GenuineIntel  4799.31  760_2000  2753.110  1910.880     -1    18511    19708  -1.0000  -1.0000  -1.0000  -1.0000
    31751122 fnpc9021.fnal.gov   GenuineIntel  4799.31  760_2000  2747.560  1890.220     -1    11951    12243  -1.0000  -1.0000  -1.0000  -1.0000
    31751122 fnpc8203.fnal.gov   GenuineIntel  4612.00  760_2000  2747.480  1934.820     -1    19249    19585  -1.0000  -1.0000  -1.0000  -1.0000
    31751122 fnpc8202.fnal.gov   GenuineIntel  4606.09  760_2000  2746.810  1942.500     -1    18237    18384  -1.0000  -1.0000  -1.0000  -1.0000
    31751122 fnpc8205.fnal.gov   GenuineIntel  4605.61  760_2000  2751.680  1909.560     -1    17682    17874  -1.0000  -1.0000  -1.0000  -1.0000
    31751122 fnpc8210.fnal.gov   GenuineIntel  4606.10  760_2000  2748.160  1896.850     -1    18847    19062  -1.0000  -1.0000  -1.0000  -1.0000
    31751122 fnpc7301.fnal.gov   GenuineIntel  4618.77  760_2000  2749.340  1907.190     -1    17176    17249  -1.0000  -1.0000  -1.0000  -1.0000
    31751122 fnpc7307.fnal.gov   GenuineIntel  4605.93  760_2000  2747.850  1950.690     -1    17846    17912  -1.0000  -1.0000  -1.0000  -1.0000
    31751122 fnpc17125.fnal.gov  GenuineIntel  4605.37  760_2000  2748.660  1892.610     -1    15783    16448  -1.0000  -1.0000  -1.0000  -1.0000
    31751122 fnpc9049.fnal.gov   GenuineIntel  4799.31  760_2000  2747.400  1902.780     -1    15134    15874  -1.0000  -1.0000  -1.0000  -1.0000
    31751122 fnpc5020.fnal.gov   AuthenticAMD  4600.08  760_2000  2749.480  1905.820     -1    27703    28580  -1.0000  -1.0000  -1.0000  -1.0000
    31751122 fnpc17142.fnal.gov  GenuineIntel  4605.25  760_2000  2752.090  1909.760     -1    21093    21914  -1.0000  -1.0000  -1.0000  -1.0000
    31751122 fnpc5002.fnal.gov   AuthenticAMD  4600.07  760_2000  2750.600  1906.930     -1    27303    27624  -1.0000  -1.0000  -1.0000  -1.0000
    31751122 fnpc9066.fnal.gov   GenuineIntel  4799.31  760_2000  2750.800  1965.890     -1    15813    16210  -1.0000  -1.0000  -1.0000  -1.0000
    31751122 fnpc17146.fnal.gov  GenuineIntel  4605.31  760_2000  2750.190  1894.040     -1    22025    23802  -1.0000  -1.0000  -1.0000  -1.0000
    31751122 fnpc17126.fnal.gov  GenuineIntel  4605.71  760_2000  2750.520  1909.980     -1    21476    22351  -1.0000  -1.0000  -1.0000  -1.0000
    31751122 fnpc17158.fnal.gov  GenuineIntel  4605.58  760_2000  2749.430  1892.290     -1    13844    14377  -1.0000  -1.0000  -1.0000  -1.0000
    31751122 fnpc17140.fnal.gov  GenuineIntel  4605.27  760_2000  2749.600  1892.680     -1    17669    18073  -1.0000  -1.0000  -1.0000  -1.0000
    31751122 fnpc6029.fnal.gov   AuthenticAMD  4599.40  760_2000  2751.600  1958.140     -1    27183    27919  -1.0000  -1.0000  -1.0000  -1.0000
    31751122 fnpc9071.fnal.gov   GenuineIntel  4799.29  760_2000  2752.020  1905.890     -1    11936    12526  -1.0000  -1.0000  -1.0000  -1.0000
    31751122 fnpc9034.fnal.gov   GenuineIntel  4799.38  760_2000  2750.040  1907.880     -1    13574    13725  -1.0000  -1.0000  -1.0000  -1.0000
    31751122 fnpc7017.fnal.gov   AuthenticAMD  4599.41  760_2000  2750.920  1893.850     -1    27217    28088  -1.0000  -1.0000  -1.0000  -1.0000
    31751122 fnpc17113.fnal.gov  GenuineIntel  4605.33  760_2000  2748.130  1959.610     -1    19017    19303  -1.0000  -1.0000  -1.0000  -1.0000
    31751122 fnpc9079.fnal.gov   GenuineIntel  4800.50  760_2000  2749.060  1951.050     -1    12632    12750  -1.0000  -1.0000  -1.0000  -1.0000
    31751122 fnpc9036.fnal.gov   GenuineIntel  4799.32  760_2000  2749.890  1962.700     -1    13624    14334  -1.0000  -1.0000  -1.0000  -1.0000
    31751122 fnpc17123.fnal.gov  GenuineIntel  4605.36  760_2000  2748.740  1915.580     -1    19148    19572  -1.0000  -1.0000  -1.0000  -1.0000
    31751122 fnpc9045.fnal.gov   GenuineIntel  4800.49  760_2000  2750.010  1972.740     -1    11743    11840  -1.0000  -1.0000  -1.0000  -1.0000
    31751122 fnpc9020.fnal.gov   GenuineIntel  4800.49  760_2000  2750.040  1898.940     -1    12182    12354  -1.0000  -1.0000  -1.0000  -1.0000
    31751122 fnpc6010.fnal.gov   AuthenticAMD  4599.36  760_2000  2748.850  1957.790     -1    26675    27054  -1.0000  -1.0000  -1.0000  -1.0000
    31751122 fnpc6001.fnal.gov   AuthenticAMD  4599.76  760_2000  2751.130  1945.490     -1    27517    28301  -1.0000  -1.0000  -1.0000  -1.0000
    31751122 fnpc7007.fnal.gov   AuthenticAMD  4599.35  760_2000  2749.000  1938.670     -1    25196    25865  -1.0000  -1.0000  -1.0000  -1.0000
    31751122 fnpc7010.fnal.gov   AuthenticAMD  4599.39  760_2000  2748.740  1946.000     -1    26953    27666  -1.0000  -1.0000  -1.0000  -1.0000
    31751122 fnpc7020.fnal.gov   AuthenticAMD  4599.37  760_2000  2751.370  1907.690     -1    26631    26889  -1.0000  -1.0000  -1.0000  -1.0000
    31751122 fnpc6013.fnal.gov   AuthenticAMD  4599.41  760_2000  2750.290  1947.680     -1    27427    28588  -1.0000  -1.0000  -1.0000  -1.0000
    31751122 fnpc19108.fnal.gov  AuthenticAMD  5000.00  760_2000  2750.250  1950.420     -1    10264    10324  -1.0000  -1.0000  -1.0000  -1.0000
    31751122 fnpc19130.fnal.gov  AuthenticAMD  5000.04  760_2000  2751.410  1909.620     -1     9972    10036  -1.0000  -1.0000  -1.0000  -1.0000
    31751122 fnpc19105.fnal.gov  AuthenticAMD  5000.72  760_2000  2751.660  1911.000     -1    10316    10525  -1.0000  -1.0000  -1.0000  -1.0000
    31751122 fnpc7307.fnal.gov   GenuineIntel  4605.93  760_2000  2749.890  1936.480     -1    17683    17745  -1.0000  -1.0000  -1.0000  -1.0000
    31751122 fnpc17142.fnal.gov  GenuineIntel  4605.25  760_2000  2751.230  1894.530     -1    21034    21853  -1.0000  -1.0000  -1.0000  -1.0000
    31751122 fnpc17140.fnal.gov  GenuineIntel  4605.27  760_2000  2750.600  1894.210     -1    17655    18049  -1.0000  -1.0000  -1.0000  -1.0000
    31751122 fnpc9036.fnal.gov   GenuineIntel  4799.32  760_2000  2751.630  1963.000     -1    13579    13830  -1.0000  -1.0000  -1.0000  -1.0000
    31751122 fnpc9020.fnal.gov   GenuineIntel  4800.49  760_2000  2748.030  1895.000     -1    12226    12368  -1.0000  -1.0000  -1.0000  -1.0000
    31751122 fnpc17146.fnal.gov  GenuineIntel  4605.31  760_2000  2749.610  1905.050     -1    22106    24657  -1.0000  -1.0000  -1.0000  -1.0000
    31751122 fnpc6029.fnal.gov   AuthenticAMD  4599.40  760_2000  2747.970  1938.030     -1    28317    29254  -1.0000  -1.0000  -1.0000  -1.0000
    31751122 fnpc17123.fnal.gov  GenuineIntel  4605.36  760_2000  2752.070  1952.670     -1    18492    19027  -1.0000  -1.0000  -1.0000  -1.0000
    31751122 fnpc9036.fnal.gov   GenuineIntel  4799.32  760_2000  2749.630  1963.020     -1    13500    13779  -1.0000  -1.0000  -1.0000  -1.0000
    31751122 fnpc9020.fnal.gov   GenuineIntel  4800.49  760_2000  2749.750  1912.900     -1    12160    12297  -1.0000  -1.0000  -1.0000  -1.0000
    31751122 fnpc6001.fnal.gov   AuthenticAMD  4599.76  760_2000  2751.940  1939.270     -1    27433    28017  -1.0000  -1.0000  -1.0000  -1.0000
    31751122 fnpc7010.fnal.gov   AuthenticAMD  4599.39  760_2000  2749.780  1948.230     -1    25521    26190  -1.0000  -1.0000  -1.0000  -1.0000
    31751122 fnpc6013.fnal.gov   AuthenticAMD  4599.41  760_2000  2749.600  1949.910     -1    26349    26854  -1.0000  -1.0000  -1.0000  -1.0000
    31751122 fnpc19130.fnal.gov  AuthenticAMD  5000.04  760_2000  2749.730  1908.470     -1     9982    10110  -1.0000  -1.0000  -1.0000  -1.0000
    31751122 fnpc19105.fnal.gov  AuthenticAMD  5000.72  760_2000  2751.100  1896.010     -1    10387    10461  -1.0000  -1.0000  -1.0000  -1.0000
    31751122 fnpc17142.fnal.gov  GenuineIntel  4605.25  760_2000  2749.540  1907.860     -1    21631    22759  -1.0000  -1.0000  -1.0000  -1.0000
    31751122 fnpc17140.fnal.gov  GenuineIntel  4605.27  760_2000  2750.230  1907.220     -1    17753    18216  -1.0000  -1.0000  -1.0000  -1.0000
    31751122 fnpc9036.fnal.gov   GenuineIntel  4799.32  760_2000  2749.250  1951.990     -1    13597    13870  -1.0000  -1.0000  -1.0000  -1.0000
    31751122 fnpc6029.fnal.gov   AuthenticAMD  4599.40  760_2000  2749.580  1955.420     -1    28046    28550  -1.0000  -1.0000  -1.0000  -1.0000
    31751122 fnpc17123.fnal.gov  GenuineIntel  4605.36  760_2000  2751.000  1955.440     -1    19307    19735  -1.0000  -1.0000  -1.0000  -1.0000
    31751122 fnpc9071.fnal.gov   GenuineIntel  4799.29  760_2000  2747.860  1890.600     -1    11872    12413  -1.0000  -1.0000  -1.0000  -1.0000
    31751122 fnpc17146.fnal.gov  GenuineIntel  4605.31  760_2000  2751.700  1895.990     -1    22145    23995  -1.0000  -1.0000  -1.0000  -1.0000
    31751122 fnpc9036.fnal.gov   GenuineIntel  4799.32  760_2000  2752.550  1965.390     -1    13627    13881  -1.0000  -1.0000  -1.0000  -1.0000
    31751122 fnpc6001.fnal.gov   AuthenticAMD  4599.76  760_2000  2747.750  1945.980     -1    28729    29206  -1.0000  -1.0000  -1.0000  -1.0000
    31751122 fnpc6013.fnal.gov   AuthenticAMD  4599.41  760_2000  2750.090  1950.950     -1    26043    26951  -1.0000  -1.0000  -1.0000  -1.0000
    31751122 fnpc19130.fnal.gov  AuthenticAMD  5000.04  760_2000  2747.580  1906.560     -1     9942    10016  -1.0000  -1.0000  -1.0000  -1.0000
    31751122 fnpc19105.fnal.gov  AuthenticAMD  5000.72  760_2000  2749.170  1910.030     -1    10536    10615  -1.0000  -1.0000  -1.0000  -1.0000
    31751122 fnpc6029.fnal.gov   AuthenticAMD  4599.40  760_2000  2747.490  1940.340     -1    26926    27377  -1.0000  -1.0000  -1.0000  -1.0000
    31751122 fnpc17125.fnal.gov  GenuineIntel  4605.37  760_2000  2748.600  1908.800     -1    15723    16304  -1.0000  -1.0000  -1.0000  -1.0000
    31751122 fnpc17113.fnal.gov  GenuineIntel  4605.33  760_2000  2751.060  1957.910     -1    19065    19372  -1.0000  -1.0000  -1.0000  -1.0000
    31751122 fnpc17146.fnal.gov  GenuineIntel  4605.31  760_2000  2752.240  1911.710     -1    22131    23963  -1.0000  -1.0000  -1.0000  -1.0000
    31751122 fnpc19130.fnal.gov  AuthenticAMD  5000.04  760_2000  2752.340  1912.820     -1     9930    10032  -1.0000  -1.0000  -1.0000  -1.0000
    31751122 fnpc19105.fnal.gov  AuthenticAMD  5000.72  760_2000  2748.310  1893.160     -1    10550    10635  -1.0000  -1.0000  -1.0000  -1.0000
    31751122 fnpc9045.fnal.gov   GenuineIntel  4800.49  760_2000  2751.520  1976.860     -1    11366    11645  -1.0000  -1.0000  -1.0000  -1.0000
    31751122 fnpc9045.fnal.gov   GenuineIntel  4800.49  760_2000  2748.830  1958.680     -1    11427    11561  -1.0000  -1.0000  -1.0000  -1.0000
    31751122 fnpc17113.fnal.gov  GenuineIntel  4605.33  760_2000  2747.320  1951.650     -1    19009    19293  -1.0000  -1.0000  -1.0000  -1.0000
    31751122 fnpc7306.fnal.gov   GenuineIntel  4618.09  760_2000  2751.510  1896.410     -1    18849    18925  -1.0000  -1.0000  -1.0000  -1.0000
    31751122 fnpc8001.fnal.gov   GenuineIntel  4605.88  760_2000  2752.780  1911.720     -1    21565    21941  -1.0000  -1.0000  -1.0000  -1.0000
    31751122 fnpc8011.fnal.gov   GenuineIntel  4611.73  760_2000  2748.390  1909.220     -1    21724    24096  -1.0000  -1.0000  -1.0000  -1.0000
    31751122 fnpc5020.fnal.gov   AuthenticAMD  4600.08  760_2000  2749.760  1890.040     -1    27607    28166  -1.0000  -1.0000  -1.0000  -1.0000
    31751122 fnpc8005.fnal.gov   GenuineIntel  4605.78  760_2000  2751.390  1894.380     -1    21703    22813  -1.0000  -1.0000  -1.0000  -1.0000
    31751122 fnpc17132.fnal.gov  GenuineIntel  4605.25  760_2000  2748.990  1892.360     -1    20197    20734  -1.0000  -1.0000  -1.0000  -1.0000
    31751122 fnpc9068.fnal.gov   GenuineIntel  4799.33  760_2000  2750.220  1975.440     -1    11993    14945  -1.0000  -1.0000  -1.0000  -1.0000
    31751122 fnpc6026.fnal.gov   AuthenticAMD  4599.37  760_2000  2753.450  1895.410     -1    27562    28005  -1.0000  -1.0000  -1.0000  -1.0000
    31751122 fnpc9051.fnal.gov   GenuineIntel  4799.34  760_2000  2750.480  1888.940     -1    16526    16899  -1.0000  -1.0000  -1.0000  -1.0000
    31751122 fnpc9012.fnal.gov   GenuineIntel  4799.33  760_2000  2749.610  1893.540     -1    15277    15856  -1.0000  -1.0000  -1.0000  -1.0000
    31751122 fnpc9024.fnal.gov   GenuineIntel  4800.48  760_2000  2751.950  1895.260     -1    13583    13797  -1.0000  -1.0000  -1.0000  -1.0000
    31751122 fnpc9003.fnal.gov   GenuineIntel  4800.07  760_2000  2749.640  1949.040     -1    12598    12933  -1.0000  -1.0000  -1.0000  -1.0000
    31751122 fnpc17101.fnal.gov  GenuineIntel  4605.59  760_2000  2750.210  1948.300     -1    17063    17236  -1.0000  -1.0000  -1.0000  -1.0000
    31751122 fnpc7001.fnal.gov   AuthenticAMD  4599.51  760_2000  2752.180  1942.380     -1    28452    30446  -1.0000  -1.0000  -1.0000  -1.0000
    31751122 fnpc6024.fnal.gov   AuthenticAMD  4599.37  760_2000  2746.470  1959.810     -1    26738    27058  -1.0000  -1.0000  -1.0000  -1.0000
    31751122 fnpc9106.fnal.gov   GenuineIntel  4800.17  760_2000  2750.570  1952.110     -1    11916    12053  -1.0000  -1.0000  -1.0000  -1.0000
    31751122 fnpc7014.fnal.gov   AuthenticAMD  4599.36  760_2000  2749.080  1892.720     -1    25678    26143  -1.0000  -1.0000  -1.0000  -1.0000
    31751122 fnpc9069.fnal.gov   GenuineIntel  4799.71  760_2000  2753.610  1954.470     -1    11728    12276  -1.0000  -1.0000  -1.0000  -1.0000
    31751122 fnpc7009.fnal.gov   AuthenticAMD  4599.40  760_2000  2748.880  1929.500     -1    26072    26405  -1.0000  -1.0000  -1.0000  -1.0000
    31751122 fnpc7020.fnal.gov   AuthenticAMD  4599.37  760_2000  2748.720  1919.720     -1    24991    25284  -1.0000  -1.0000  -1.0000  -1.0000
    31751122 fnpc17124.fnal.gov  GenuineIntel  4605.53  760_2000  2747.860  1945.650     -1    12537    12818  -1.0000  -1.0000  -1.0000  -1.0000
    31751122 fnpc19141.fnal.gov  AuthenticAMD  4999.92  760_2000  2751.990  1926.820     -1     9967    10049  -1.0000  -1.0000  -1.0000  -1.0000
    31751122 fnpc19126.fnal.gov  AuthenticAMD  5000.00  760_2000  2745.760  1960.500     -1    10423    10490  -1.0000  -1.0000  -1.0000  -1.0000
    31751122 fnpc19111.fnal.gov  AuthenticAMD  4999.98  760_2000  2747.740  1891.270     -1     9514     9725  -1.0000  -1.0000  -1.0000  -1.0000
    31751122 fnpc19142.fnal.gov  AuthenticAMD  4999.99  760_2000  2749.680  1891.560     -1    10864    10947  -1.0000  -1.0000  -1.0000  -1.0000
    31751122 fnpc19133.fnal.gov  AuthenticAMD  4999.91  760_2000  2749.010  1946.640     -1    10089    10164  -1.0000  -1.0000  -1.0000  -1.0000
    31751122 fnpc19135.fnal.gov  AuthenticAMD  4999.99  760_2000  2749.870  1966.890     -1    10317    10423  -1.0000  -1.0000  -1.0000  -1.0000
    31751122 fnpc19134.fnal.gov  AuthenticAMD  4999.99  760_2000  2750.450  1951.060     -1     9625     9693  -1.0000  -1.0000  -1.0000  -1.0000
    31751122 fnpc9106.fnal.gov   GenuineIntel  4800.17  760_2000  2747.850  1964.290     -1    11889    11982  -1.0000  -1.0000  -1.0000  -1.0000
    31751122 fnpc8011.fnal.gov   GenuineIntel  4611.73  760_2000  2750.370  1895.880     -1    21739    23710  -1.0000  -1.0000  -1.0000  -1.0000
    31751122 fnpc9068.fnal.gov   GenuineIntel  4799.33  760_2000  2750.600  1976.110     -1    12038    15035  -1.0000  -1.0000  -1.0000  -1.0000
    31751122 fnpc8005.fnal.gov   GenuineIntel  4605.78  760_2000  2749.240  1888.860     -1    21585    22962  -1.0000  -1.0000  -1.0000  -1.0000
    31751122 fnpc9051.fnal.gov   GenuineIntel  4799.34  760_2000  2747.410  1903.400     -1    16585    16811  -1.0000  -1.0000  -1.0000  -1.0000
    31751122 fnpc9024.fnal.gov   GenuineIntel  4800.48  760_2000  2749.170  1896.130     -1    13519    13705  -1.0000  -1.0000  -1.0000  -1.0000
    31751122 fnpc9069.fnal.gov   GenuineIntel  4799.71  760_2000  2748.490  1940.600     -1    11748    12251  -1.0000  -1.0000  -1.0000  -1.0000
    31751122 fnpc9003.fnal.gov   GenuineIntel  4800.07  760_2000  2749.460  1962.740     -1    12584    12779  -1.0000  -1.0000  -1.0000  -1.0000
    31751122 fnpc9012.fnal.gov   GenuineIntel  4799.33  760_2000  2749.630  1907.830     -1    15184    16050  -1.0000  -1.0000  -1.0000  -1.0000
    31751122 fnpc7001.fnal.gov   AuthenticAMD  4599.51  760_2000  2751.810  1941.250     -1    26489    28149  -1.0000  -1.0000  -1.0000  -1.0000
    31751122 fnpc9051.fnal.gov   GenuineIntel  4799.34  760_2000  2747.720  1885.720     -1    16478    16775  -1.0000  -1.0000  -1.0000  -1.0000
    31751122 fnpc19102.fnal.gov  AuthenticAMD  4999.98  760_2000  2748.650  1958.910     -1     9985    10079  -1.0000  -1.0000  -1.0000  -1.0000
    31751122 fnpc19141.fnal.gov  AuthenticAMD  4999.92  760_2000  2750.160  1944.960     -1     9882     9942  -1.0000  -1.0000  -1.0000  -1.0000
    31751122 fnpc9003.fnal.gov   GenuineIntel  4800.07  760_2000  2749.000  1966.370     -1    12659    12898  -1.0000  -1.0000  -1.0000  -1.0000
    31751122 fnpc17124.fnal.gov  GenuineIntel  4605.53  760_2000  2749.460  1961.520     -1    12183    12339  -1.0000  -1.0000  -1.0000  -1.0000
    31751122 fnpc7009.fnal.gov   AuthenticAMD  4599.40  760_2000  2747.900  1933.840     -1    27753    28161  -1.0000  -1.0000  -1.0000  -1.0000
    31751122 fnpc19111.fnal.gov  AuthenticAMD  4999.98  760_2000  2749.730  1893.080     -1    10075    10244  -1.0000  -1.0000  -1.0000  -1.0000
    31751122 fnpc19142.fnal.gov  AuthenticAMD  4999.99  760_2000  2750.350  1893.260     -1    10026    10100  -1.0000  -1.0000  -1.0000  -1.0000
    31751122 fnpc19133.fnal.gov  AuthenticAMD  4999.91  760_2000  2747.390  1945.180     -1     9903    10008  -1.0000  -1.0000  -1.0000  -1.0000
    31751122 fnpc19134.fnal.gov  AuthenticAMD  4999.99  760_2000  2750.590  1954.870     -1     9619     9773  -1.0000  -1.0000  -1.0000  -1.0000
    31751122 fnpc8011.fnal.gov   GenuineIntel  4611.73  760_2000  2748.940  1908.380     -1    21883    23757  -1.0000  -1.0000  -1.0000  -1.0000
    31751122 fnpc9024.fnal.gov   GenuineIntel  4800.48  760_2000  2746.760  1889.600     -1    13515    14004  -1.0000  -1.0000  -1.0000  -1.0000
    31751122 fnpc9051.fnal.gov   GenuineIntel  4799.34  760_2000  2749.600  1885.890     -1    16540    16806  -1.0000  -1.0000  -1.0000  -1.0000
    31751122 fnpc17132.fnal.gov  GenuineIntel  4605.25  760_2000  2746.710  1890.050     -1    19208    19650  -1.0000  -1.0000  -1.0000  -1.0000
    31751122 fnpc19135.fnal.gov  AuthenticAMD  4999.99  760_2000  2753.130  1964.740     -1    10357    10421  -1.0000  -1.0000  -1.0000  -1.0000
    31751122 fnpc9068.fnal.gov   GenuineIntel  4799.33  760_2000  2748.710  1971.680     -1    12032    14956  -1.0000  -1.0000  -1.0000  -1.0000
    31751122 fnpc17124.fnal.gov  GenuineIntel  4605.53  760_2000  2750.140  1967.010     -1    12134    12350  -1.0000  -1.0000  -1.0000  -1.0000
    31751122 fnpc19102.fnal.gov  AuthenticAMD  4999.98  760_2000  2748.850  1962.480     -1     9950    10068  -1.0000  -1.0000  -1.0000  -1.0000
    31751122 fnpc19133.fnal.gov  AuthenticAMD  4999.91  760_2000  2749.950  1947.590     -1     9946    10138  -1.0000  -1.0000  -1.0000  -1.0000
    31751122 fnpc19141.fnal.gov  AuthenticAMD  4999.92  760_2000  2749.860  1968.110     -1     9995    10069  -1.0000  -1.0000  -1.0000  -1.0000
    31751122 fnpc7009.fnal.gov   AuthenticAMD  4599.40  760_2000  2749.350  1932.160     -1    26240    26512  -1.0000  -1.0000  -1.0000  -1.0000
    31751122 fnpc7001.fnal.gov   AuthenticAMD  4599.51  760_2000  2749.200  1926.490     -1    27633    29316  -1.0000  -1.0000  -1.0000  -1.0000
    31751122 fnpc19102.fnal.gov  AuthenticAMD  4999.98  760_2000  2749.490  1948.570     -1     9958    10027  -1.0000  -1.0000  -1.0000  -1.0000
    31751122 fnpc19133.fnal.gov  AuthenticAMD  4999.91  760_2000  2749.860  1899.860     -1    11057    11134  -1.0000  -1.0000  -1.0000  -1.0000
    31751122 fnpc7009.fnal.gov   AuthenticAMD  4599.40  760_2000  2748.020  1933.990     -1    27675    27997  -1.0000  -1.0000  -1.0000  -1.0000
    31751122 fnpc19133.fnal.gov  AuthenticAMD  4999.91  760_2000  2749.550  1917.170     -1    10979    11064  -1.0000  -1.0000  -1.0000  -1.0000
    31751122 fnpc19102.fnal.gov  AuthenticAMD  4999.98  760_2000  2748.360  1951.210     -1    10025    10102  -1.0000  -1.0000  -1.0000  -1.0000
    31751122 fnpc17132.fnal.gov  GenuineIntel  4605.25  760_2000  2748.810  1891.510     -1    20366    20908  -1.0000  -1.0000  -1.0000  -1.0000
    31751122 fnpc8205.fnal.gov   GenuineIntel  4605.61  760_2000  2749.980  1908.960     -1    17457    17598  -1.0000  -1.0000  -1.0000  -1.0000
    31751122 fnpc8210.fnal.gov   GenuineIntel  4606.10  760_2000  2752.290  1966.690     -1    18818    18924  -1.0000  -1.0000  -1.0000  -1.0000
    31751122 fnpc7304.fnal.gov   GenuineIntel  4595.12  760_2000  2752.220  1961.960     -1    14782    14850  -1.0000  -1.0000  -1.0000  -1.0000
    31751122 fnpc17125.fnal.gov  GenuineIntel  4605.37  760_2000  2749.150  1907.980     -1    15846    16456  -1.0000  -1.0000  -1.0000  -1.0000
    31751122 fnpc17150.fnal.gov  GenuineIntel  4605.55  760_2000  2750.780  1909.740     -1    21526    23138  -1.0000  -1.0000  -1.0000  -1.0000
    31751122 fnpc9016.fnal.gov   GenuineIntel  4799.31  760_2000  2749.170  1893.040     -1    18429    19700  -1.0000  -1.0000  -1.0000  -1.0000
    31751122 fnpc8006.fnal.gov   GenuineIntel  4606.37  760_2000  2752.470  1966.560     -1    18361    18738  -1.0000  -1.0000  -1.0000  -1.0000
    31751122 fnpc9051.fnal.gov   GenuineIntel  4799.34  760_2000  2749.110  1889.470     -1    16578    16810  -1.0000  -1.0000  -1.0000  -1.0000
    31751122 fnpc6029.fnal.gov   AuthenticAMD  4599.40  760_2000  2752.420  1965.760     -1    28509    29129  -1.0000  -1.0000  -1.0000  -1.0000
    31751122 fnpc9048.fnal.gov   GenuineIntel  4799.29  760_2000  2746.780  1960.570     -1    15545    15727  -1.0000  -1.0000  -1.0000  -1.0000
    31751122 fnpc9059.fnal.gov   GenuineIntel  4800.08  760_2000  2750.220  1965.760     -1    13978    14263  -1.0000  -1.0000  -1.0000  -1.0000
    31751122 fnpc9042.fnal.gov   GenuineIntel  4799.34  760_2000  2752.790  1974.990     -1    12308    12426  -1.0000  -1.0000  -1.0000  -1.0000
    31751122 fnpc9105.fnal.gov   GenuineIntel  4799.30  760_2000  2751.280  1908.200     -1    15640    16154  -1.0000  -1.0000  -1.0000  -1.0000
    31751122 fnpc6022.fnal.gov   AuthenticAMD  4598.49  760_2000  2748.400  1924.530     -1    25948    26506  -1.0000  -1.0000  -1.0000  -1.0000
    31751122 fnpc9020.fnal.gov   GenuineIntel  4800.49  760_2000  2752.380  1947.600     -1    12139    12255  -1.0000  -1.0000  -1.0000  -1.0000
    31751122 fnpc7011.fnal.gov   AuthenticAMD  4599.41  760_2000  2748.770  1949.260     -1    27553    27913  -1.0000  -1.0000  -1.0000  -1.0000
    31751122 fnpc9031.fnal.gov   GenuineIntel  4799.31  760_2000  2751.340  1909.150     -1    12514    12903  -1.0000  -1.0000  -1.0000  -1.0000
    31751122 fnpc9043.fnal.gov   GenuineIntel  4799.71  760_2000  2751.060  1967.620     -1    12490    12636  -1.0000  -1.0000  -1.0000  -1.0000
    31751122 fnpc7023.fnal.gov   AuthenticAMD  4599.41  760_2000  2749.290  1934.430     -1    27532    28077  -1.0000  -1.0000  -1.0000  -1.0000
    31751122 fnpc7018.fnal.gov   AuthenticAMD  4599.42  760_2000  2750.520  1930.440     -1    30426    31894  -1.0000  -1.0000  -1.0000  -1.0000
    31751122 fnpc6027.fnal.gov   AuthenticAMD  4599.76  760_2000  2749.900  1905.680     -1    25613    26090  -1.0000  -1.0000  -1.0000  -1.0000
    31751122 fnpc17148.fnal.gov  GenuineIntel  4606.12  760_2000  2748.960  1952.610     -1    16892    17027  -1.0000  -1.0000  -1.0000  -1.0000
    31751122 fnpc9107.fnal.gov   GenuineIntel  4799.33  760_2000  2751.200  1962.730     -1    12834    12959  -1.0000  -1.0000  -1.0000  -1.0000
    31751122 fnpc7304.fnal.gov   GenuineIntel  4595.12  760_2000  2749.130  1966.640     -1    14777    14832  -1.0000  -1.0000  -1.0000  -1.0000
    31751122 fnpc9028.fnal.gov   GenuineIntel  4799.34  760_2000  2749.360  1975.070     -1    12180    12407  -1.0000  -1.0000  -1.0000  -1.0000
    31751122 fnpc9015.fnal.gov   GenuineIntel  4799.30  760_2000  2750.780  1971.000     -1    12125    12300  -1.0000  -1.0000  -1.0000  -1.0000
    31751122 fnpc7020.fnal.gov   AuthenticAMD  4599.37  760_2000  2748.690  1921.490     -1    25521    26606  -1.0000  -1.0000  -1.0000  -1.0000
    31751122 fnpc19124.fnal.gov  AuthenticAMD  4999.98  760_2000  2752.320  1949.140     -1    10335    10404  -1.0000  -1.0000  -1.0000  -1.0000
    31751122 fnpc19114.fnal.gov  AuthenticAMD  4999.99  760_2000  2751.750  1908.850     -1     9860    10019  -1.0000  -1.0000  -1.0000  -1.0000
    31751122 fnpc19116.fnal.gov  AuthenticAMD  4999.92  760_2000  2750.720  1961.820     -1     9530     9590  -1.0000  -1.0000  -1.0000  -1.0000
    31751122 fnpc19117.fnal.gov  AuthenticAMD  4999.90  760_2000  2749.750  1906.170     -1     9208     9274  -1.0000  -1.0000  -1.0000  -1.0000
    31751122 fnpc9059.fnal.gov   GenuineIntel  4800.08  760_2000  2749.740  1950.670     -1    13649    13939  -1.0000  -1.0000  -1.0000  -1.0000
    31751122 fnpc9107.fnal.gov   GenuineIntel  4799.33  760_2000  2747.370  1943.720     -1    12571    12643  -1.0000  -1.0000  -1.0000  -1.0000
    31751122 fnpc9048.fnal.gov   GenuineIntel  4799.29  760_2000  2749.700  1962.700     -1    15537    15708  -1.0000  -1.0000  -1.0000  -1.0000
    31751122 fnpc9042.fnal.gov   GenuineIntel  4799.34  760_2000  2752.040  1960.490     -1    12161    12301  -1.0000  -1.0000  -1.0000  -1.0000
    31751122 fnpc9105.fnal.gov   GenuineIntel  4799.30  760_2000  2749.210  1895.180     -1    15681    15837  -1.0000  -1.0000  -1.0000  -1.0000
    31751122 fnpc6022.fnal.gov   AuthenticAMD  4598.49  760_2000  2749.150  1934.140     -1    26186    26702  -1.0000  -1.0000  -1.0000  -1.0000
    31751122 fnpc9043.fnal.gov   GenuineIntel  4799.71  760_2000  2751.340  1955.210     -1    12426    12828  -1.0000  -1.0000  -1.0000  -1.0000
    31751122 fnpc7023.fnal.gov   AuthenticAMD  4599.41  760_2000  2749.190  1958.270     -1    27916    28516  -1.0000  -1.0000  -1.0000  -1.0000
    31751122 fnpc7018.fnal.gov   AuthenticAMD  4599.42  760_2000  2749.760  1925.140     -1    30069    30994  -1.0000  -1.0000  -1.0000  -1.0000
    31751122 fnpc6027.fnal.gov   AuthenticAMD  4599.76  760_2000  2749.040  1889.500     -1    27092    27610  -1.0000  -1.0000  -1.0000  -1.0000
    31751122 fnpc9028.fnal.gov   GenuineIntel  4799.34  760_2000  2751.330  1976.100     -1    12159    12349  -1.0000  -1.0000  -1.0000  -1.0000
    31751122 fnpc9015.fnal.gov   GenuineIntel  4799.30  760_2000  2749.460  1968.990     -1    11851    11983  -1.0000  -1.0000  -1.0000  -1.0000
    31751122 fnpc9016.fnal.gov   GenuineIntel  4799.31  760_2000  2750.440  1905.980     -1    18566    19714  -1.0000  -1.0000  -1.0000  -1.0000
    31751122 fnpc7020.fnal.gov   AuthenticAMD  4599.37  760_2000  2748.640  1889.170     -1    26998    27242  -1.0000  -1.0000  -1.0000  -1.0000
    31751122 fnpc19114.fnal.gov  AuthenticAMD  4999.99  760_2000  2751.830  1911.440     -1     9573     9633  -1.0000  -1.0000  -1.0000  -1.0000
    31751122 fnpc19116.fnal.gov  AuthenticAMD  4999.92  760_2000  2750.820  1965.720     -1     9493     9764  -1.0000  -1.0000  -1.0000  -1.0000
    31751122 fnpc19117.fnal.gov  AuthenticAMD  4999.90  760_2000  2748.690  1910.140     -1     9159     9212  -1.0000  -1.0000  -1.0000  -1.0000
    31751122 fnpc17148.fnal.gov  GenuineIntel  4606.12  760_2000  2749.670  1963.250     -1    16784    16913  -1.0000  -1.0000  -1.0000  -1.0000
    31751122 fnpc19127.fnal.gov  AuthenticAMD  4999.91  760_2000  2750.920  1947.250     -1     9420     9487  -1.0000  -1.0000  -1.0000  -1.0000
    31751122 fnpc9107.fnal.gov   GenuineIntel  4799.33  760_2000  2745.130  1947.750     -1    12756    12913  -1.0000  -1.0000  -1.0000  -1.0000
    31751122 fnpc9048.fnal.gov   GenuineIntel  4799.29  760_2000  2747.780  1950.230     -1    15525    15743  -1.0000  -1.0000  -1.0000  -1.0000
    31751122 fnpc9105.fnal.gov   GenuineIntel  4799.30  760_2000  2748.920  1892.980     -1    15672    15842  -1.0000  -1.0000  -1.0000  -1.0000
    31751122 fnpc19124.fnal.gov  AuthenticAMD  4999.98  760_2000  2748.550  1951.060     -1    10328    10432  -1.0000  -1.0000  -1.0000  -1.0000
    31751122 fnpc19129.fnal.gov  AuthenticAMD  4999.91  760_2000  2749.170  1950.430     -1     9020     9086  -1.0000  -1.0000  -1.0000  -1.0000
    31751122 fnpc6022.fnal.gov   AuthenticAMD  4598.49  760_2000  2748.860  1936.050     -1    26284    26747  -1.0000  -1.0000  -1.0000  -1.0000
    31751122 fnpc7023.fnal.gov   AuthenticAMD  4599.41  760_2000  2749.760  1954.460     -1    28626    29091  -1.0000  -1.0000  -1.0000  -1.0000
    31751122 fnpc7018.fnal.gov   AuthenticAMD  4599.42  760_2000  2749.260  1920.070     -1    28433    29271  -1.0000  -1.0000  -1.0000  -1.0000
    31751122 fnpc9031.fnal.gov   GenuineIntel  4799.31  760_2000  2752.580  1914.020     -1    12547    12840  -1.0000  -1.0000  -1.0000  -1.0000
    31751122 fnpc9028.fnal.gov   GenuineIntel  4799.34  760_2000  2751.590  1960.500     -1    12245    12532  -1.0000  -1.0000  -1.0000  -1.0000
    31751122 fnpc9015.fnal.gov   GenuineIntel  4799.30  760_2000  2748.440  1969.240     -1    11947    12101  -1.0000  -1.0000  -1.0000  -1.0000
    31751122 fnpc7020.fnal.gov   AuthenticAMD  4599.37  760_2000  2749.200  1939.180     -1    25798    26046  -1.0000  -1.0000  -1.0000  -1.0000
    31751122 fnpc19114.fnal.gov  AuthenticAMD  4999.99  760_2000  2749.440  1893.220     -1     9511     9742  -1.0000  -1.0000  -1.0000  -1.0000
    31751122 fnpc19116.fnal.gov  AuthenticAMD  4999.92  760_2000  2750.550  1952.800     -1     9563     9622  -1.0000  -1.0000  -1.0000  -1.0000
    31751122 fnpc9107.fnal.gov   GenuineIntel  4799.33  760_2000  2749.490  1946.990     -1    12930    13030  -1.0000  -1.0000  -1.0000  -1.0000
    31751122 fnpc19117.fnal.gov  AuthenticAMD  4999.90  760_2000  2749.240  1891.440     -1     9454     9520  -1.0000  -1.0000  -1.0000  -1.0000
    31751122 fnpc17148.fnal.gov  GenuineIntel  4606.12  760_2000  2749.370  1956.090     -1    16873    17038  -1.0000  -1.0000  -1.0000  -1.0000
    31751122 fnpc19127.fnal.gov  AuthenticAMD  4999.91  760_2000  2748.850  1965.170     -1     9531     9635  -1.0000  -1.0000  -1.0000  -1.0000
    31751122 fnpc9048.fnal.gov   GenuineIntel  4799.29  760_2000  2747.050  1961.030     -1    14957    15095  -1.0000  -1.0000  -1.0000  -1.0000
    31751122 fnpc9105.fnal.gov   GenuineIntel  4799.30  760_2000  2750.490  1905.240     -1    15685    15857  -1.0000  -1.0000  -1.0000  -1.0000
    31751122 fnpc19140.fnal.gov  AuthenticAMD  4999.99  760_2000  2751.300  1956.780     -1     9477     9540  -1.0000  -1.0000  -1.0000  -1.0000
    31751122 fnpc19129.fnal.gov  AuthenticAMD  4999.91  760_2000  2750.710  1966.620     -1     9153     9221  -1.0000  -1.0000  -1.0000  -1.0000
    31751122 fnpc9016.fnal.gov   GenuineIntel  4799.31  760_2000  2749.190  1893.050     -1    18478    19618  -1.0000  -1.0000  -1.0000  -1.0000
    31751122 fnpc6022.fnal.gov   AuthenticAMD  4598.49  760_2000  2748.960  1900.630     -1    27932    28950  -1.0000  -1.0000  -1.0000  -1.0000
    31751122 fnpc9028.fnal.gov   GenuineIntel  4799.34  760_2000  2750.090  1960.340     -1    12212    12578  -1.0000  -1.0000  -1.0000  -1.0000
    31751122 fnpc9015.fnal.gov   GenuineIntel  4799.30  760_2000  2749.470  1954.730     -1    11815    12011  -1.0000  -1.0000  -1.0000  -1.0000
    31751122 fnpc19116.fnal.gov  AuthenticAMD  4999.92  760_2000  2749.820  1965.670     -1     9530     9599  -1.0000  -1.0000  -1.0000  -1.0000
    31751122 fnpc9107.fnal.gov   GenuineIntel  4799.33  760_2000  2750.930  1963.590     -1    12870    12956  -1.0000  -1.0000  -1.0000  -1.0000
