jobid/I:node_name/C:cpu_id/C:bogomips/F:dsid/C:vmpeak/F:vmhwm/F:tstage/I:totcpu/I:totwall/I:tfull/F:tistn/F:tkffpar/F:tkffdar/F
    31822248 fnpc7208.fnal.gov   GenuineIntel  4605.61  760_1900  2748.840  1948.150     -1    17121    17283  -1.0000  -1.0000  -1.0000  -1.0000
    31822248 fnpc7203.fnal.gov   GenuineIntel  4605.77  760_1900  2748.710  1911.580     -1    17400    17487  -1.0000  -1.0000  -1.0000  -1.0000
    31822248 fnpc8208.fnal.gov   GenuineIntel  4605.81  760_1900  2748.690  1911.260     -1    16579    17342  -1.0000  -1.0000  -1.0000  -1.0000
    31822248 fnpc7301.fnal.gov   GenuineIntel  4618.77  760_1900  2747.650  1893.900     -1    16238    16331  -1.0000  -1.0000  -1.0000  -1.0000
    31822248 fnpc8020.fnal.gov   GenuineIntel  4605.52  760_1900  2753.920  1953.460     -1    14455    15239  -1.0000  -1.0000  -1.0000  -1.0000
    31822248 fnpc8001.fnal.gov   GenuineIntel  4605.88  760_1900  2746.490  1908.120     -1    17439    17810  -1.0000  -1.0000  -1.0000  -1.0000
    31822248 fnpc8205.fnal.gov   GenuineIntel  4605.61  760_1900  2747.310  1941.150     -1    14566    14607  -1.0000  -1.0000  -1.0000  -1.0000
    31822248 fnpc7202.fnal.gov   GenuineIntel  4606.28  760_1900  2751.090  1897.780     -1    15306    15461  -1.0000  -1.0000  -1.0000  -1.0000
    31822248 fnpc17154.fnal.gov  GenuineIntel  4605.94  760_1900  2748.920  1952.010     -1    11096    12296  -1.0000  -1.0000  -1.0000  -1.0000
    31822248 fnpc7205.fnal.gov   GenuineIntel  4606.82  760_1900  2748.130  1900.750     -1    18027    18159  -1.0000  -1.0000  -1.0000  -1.0000
    31822248 fnpc17108.fnal.gov  GenuineIntel  4605.28  760_1900  2749.170  1918.540     -1    15320    15652  -1.0000  -1.0000  -1.0000  -1.0000
    31822248 fnpc5037.fnal.gov   AuthenticAMD  4600.62  760_1900  2749.080  1970.060     -1    28404    28733  -1.0000  -1.0000  -1.0000  -1.0000
    31822248 fnpc7017.fnal.gov   AuthenticAMD  4599.41  760_1900  2745.720  1922.200     -1    28192    28995  -1.0000  -1.0000  -1.0000  -1.0000
    31822248 fnpc17122.fnal.gov  GenuineIntel  4605.59  760_1900  2750.200  1919.230     -1    11355    12244  -1.0000  -1.0000  -1.0000  -1.0000
    31822248 fnpc9110.fnal.gov   GenuineIntel  4799.72  760_1900  2748.630  1896.140     -1    12748    13223  -1.0000  -1.0000  -1.0000  -1.0000
    31822248 fnpc5027.fnal.gov   AuthenticAMD  4600.06  760_1900  2746.680  1938.960     -1    28270    28589  -1.0000  -1.0000  -1.0000  -1.0000
    31822248 fnpc17128.fnal.gov  GenuineIntel  4605.64  760_1900  2750.660  1919.900     -1    15116    15553  -1.0000  -1.0000  -1.0000  -1.0000
    31822248 fnpc17110.fnal.gov  GenuineIntel  4605.74  760_1900  2750.350  1910.980     -1    15100    15777  -1.0000  -1.0000  -1.0000  -1.0000
    31822248 fnpc9051.fnal.gov   GenuineIntel  4799.34  760_1900  2748.860  1895.580     -1    13144    13717  -1.0000  -1.0000  -1.0000  -1.0000
    31822248 fnpc5036.fnal.gov   AuthenticAMD  4600.06  760_1900  2750.270  1936.060     -1    28003    28198  -1.0000  -1.0000  -1.0000  -1.0000
    31822248 fnpc6011.fnal.gov   AuthenticAMD  4599.02  760_1900  2750.280  1945.050     -1    25177    27139  -1.0000  -1.0000  -1.0000  -1.0000
    31822248 fnpc9014.fnal.gov   GenuineIntel  4799.34  760_1900  2749.530  1898.200     -1    11900    12113  -1.0000  -1.0000  -1.0000  -1.0000
    31822248 fnpc9007.fnal.gov   GenuineIntel  4799.30  760_1900  2748.830  1973.960     -1    11718    12094  -1.0000  -1.0000  -1.0000  -1.0000
    31822248 fnpc9058.fnal.gov   GenuineIntel  4799.73  760_1900  2749.800  1949.510     -1    11804    12534  -1.0000  -1.0000  -1.0000  -1.0000
    31822248 fnpc9039.fnal.gov   GenuineIntel  4799.72  760_1900  2747.720  1910.780     -1    12281    12908  -1.0000  -1.0000  -1.0000  -1.0000
    31822248 fnpc6030.fnal.gov   AuthenticAMD  4599.38  760_1900  2749.780  1889.010     -1    28038    28726  -1.0000  -1.0000  -1.0000  -1.0000
    31822248 fnpc6013.fnal.gov   AuthenticAMD  4599.41  760_1900  2751.590  1916.260     -1    27917    28285  -1.0000  -1.0000  -1.0000  -1.0000
    31822248 fnpc9063.fnal.gov   GenuineIntel  4799.72  760_1900  2750.600  1952.810     -1    12424    12673  -1.0000  -1.0000  -1.0000  -1.0000
    31822248 fnpc6025.fnal.gov   AuthenticAMD  4599.40  760_1900  2749.630  1908.520     -1    27705    28086  -1.0000  -1.0000  -1.0000  -1.0000
    31822248 fnpc9073.fnal.gov   GenuineIntel  4799.74  760_1900  2749.580  1896.710     -1    11851    12051  -1.0000  -1.0000  -1.0000  -1.0000
    31822248 fnpc9006.fnal.gov   GenuineIntel  4799.72  760_1900  2750.990  1948.480     -1    11990    12544  -1.0000  -1.0000  -1.0000  -1.0000
    31822248 fnpc9076.fnal.gov   GenuineIntel  4799.34  760_1900  2747.600  1895.560     -1    12076    12736  -1.0000  -1.0000  -1.0000  -1.0000
    31822248 fnpc7004.fnal.gov   AuthenticAMD  4599.38  760_1900  2752.610  1958.420     -1    26456    27454  -1.0000  -1.0000  -1.0000  -1.0000
    31822248 fnpc7025.fnal.gov   AuthenticAMD  4600.71  760_1900  2747.330  1888.910     -1    26228    26956  -1.0000  -1.0000  -1.0000  -1.0000
    31822248 fnpc6028.fnal.gov   AuthenticAMD  4599.39  760_1900  2750.550  1951.120     -1    27385    27774  -1.0000  -1.0000  -1.0000  -1.0000
    31822248 fnpc6024.fnal.gov   AuthenticAMD  4599.37  760_1900  2751.800  1912.110     -1    26208    26508  -1.0000  -1.0000  -1.0000  -1.0000
    31822248 fnpc7022.fnal.gov   AuthenticAMD  4599.40  760_1900  2747.400  1890.550     -1    27058    27476  -1.0000  -1.0000  -1.0000  -1.0000
    31822248 fnpc7013.fnal.gov   AuthenticAMD  4599.41  760_1900  2749.820  1909.550     -1    27746    28076  -1.0000  -1.0000  -1.0000  -1.0000
    31822248 fnpc9078.fnal.gov   GenuineIntel  4799.31  760_1900  2748.360  1896.110     -1    13027    13312  -1.0000  -1.0000  -1.0000  -1.0000
    31822248 fnpc9038.fnal.gov   GenuineIntel  4799.71  760_1900  2749.390  1974.240     -1    11881    12262  -1.0000  -1.0000  -1.0000  -1.0000
    31822248 fnpc6023.fnal.gov   AuthenticAMD  4599.36  760_1900  2747.640  1907.700     -1    28039    28551  -1.0000  -1.0000  -1.0000  -1.0000
    31822248 fnpc7005.fnal.gov   AuthenticAMD  4599.37  760_1900  2750.400  1946.850     -1    26524    26757  -1.0000  -1.0000  -1.0000  -1.0000
    31822248 fnpc7023.fnal.gov   AuthenticAMD  4599.41  760_1900  2749.910  1946.680     -1    27257    27646  -1.0000  -1.0000  -1.0000  -1.0000
    31822248 fnpc6027.fnal.gov   AuthenticAMD  4599.76  760_1900  2751.180  1902.590     -1    27978    28370  -1.0000  -1.0000  -1.0000  -1.0000
    31822248 fnpc9108.fnal.gov   GenuineIntel  4799.72  760_1900  2746.590  1947.800     -1    11482    11677  -1.0000  -1.0000  -1.0000  -1.0000
    31822248 fnpc9072.fnal.gov   GenuineIntel  4799.34  760_1900  2750.100  1961.190     -1    12168    12868  -1.0000  -1.0000  -1.0000  -1.0000
    31822248 fnpc6026.fnal.gov   AuthenticAMD  4599.37  760_1900  2750.640  1909.740     -1    27925    28374  -1.0000  -1.0000  -1.0000  -1.0000
    31822248 fnpc7012.fnal.gov   AuthenticAMD  4599.38  760_1900  2749.340  1885.290     -1    27284    27698  -1.0000  -1.0000  -1.0000  -1.0000
    31822248 fnpc19106.fnal.gov  AuthenticAMD  4999.91  760_1900  2751.620  1913.930     -1    11435    11548  -1.0000  -1.0000  -1.0000  -1.0000
    31822248 fnpc19141.fnal.gov  AuthenticAMD  4999.92  760_1900  2750.780  1899.570     -1    10548    10721  -1.0000  -1.0000  -1.0000  -1.0000
    31822248 fnpc19104.fnal.gov  AuthenticAMD  4999.91  760_1900  2746.260  1909.060     -1    10408    10509  -1.0000  -1.0000  -1.0000  -1.0000
    31822248 fnpc19126.fnal.gov  AuthenticAMD  5000.00  760_1900  2748.880  1960.780     -1     9871     9988  -1.0000  -1.0000  -1.0000  -1.0000
    31822248 fnpc19122.fnal.gov  AuthenticAMD  5000.00  760_1900  2748.810  1897.160     -1    11237    11446  -1.0000  -1.0000  -1.0000  -1.0000
    31822248 fnpc19121.fnal.gov  AuthenticAMD  4999.91  760_1900  2753.520  1901.170     -1    10594    10721  -1.0000  -1.0000  -1.0000  -1.0000
    31822248 fnpc7205.fnal.gov   GenuineIntel  4606.82  760_1900  2748.930  1901.980     -1    17965    18207  -1.0000  -1.0000  -1.0000  -1.0000
    31822248 fnpc5037.fnal.gov   AuthenticAMD  4600.62  760_1900  2752.970  1968.660     -1    28537    28744  -1.0000  -1.0000  -1.0000  -1.0000
    31822248 fnpc8205.fnal.gov   GenuineIntel  4605.61  760_1900  2747.930  1960.370     -1    14405    14484  -1.0000  -1.0000  -1.0000  -1.0000
    31822248 fnpc5027.fnal.gov   AuthenticAMD  4600.06  760_1900  2748.850  1951.120     -1    28149    28336  -1.0000  -1.0000  -1.0000  -1.0000
    31822248 fnpc17110.fnal.gov  GenuineIntel  4605.74  760_1900  2750.770  1910.960     -1    15183    15826  -1.0000  -1.0000  -1.0000  -1.0000
    31822248 fnpc5036.fnal.gov   AuthenticAMD  4600.06  760_1900  2750.270  1955.920     -1    27901    28055  -1.0000  -1.0000  -1.0000  -1.0000
    31822248 fnpc9014.fnal.gov   GenuineIntel  4799.34  760_1900  2749.910  1911.940     -1    12425    12590  -1.0000  -1.0000  -1.0000  -1.0000
    31822248 fnpc6013.fnal.gov   AuthenticAMD  4599.41  760_1900  2748.940  1923.980     -1    28852    29230  -1.0000  -1.0000  -1.0000  -1.0000
    31822248 fnpc9076.fnal.gov   GenuineIntel  4799.34  760_1900  2751.000  1913.820     -1    11913    12222  -1.0000  -1.0000  -1.0000  -1.0000
    31822248 fnpc7025.fnal.gov   AuthenticAMD  4600.71  760_1900  2750.070  1903.540     -1    25309    26137  -1.0000  -1.0000  -1.0000  -1.0000
    31822248 fnpc19125.fnal.gov  AuthenticAMD  5000.71  760_1900  2753.060  1971.220     -1     9425     9702  -1.0000  -1.0000  -1.0000  -1.0000
    31822248 fnpc8001.fnal.gov   GenuineIntel  4605.88  760_1900  2749.600  1897.560     -1    17402    17677  -1.0000  -1.0000  -1.0000  -1.0000
    31822248 fnpc9078.fnal.gov   GenuineIntel  4799.31  760_1900  2750.030  1910.200     -1    13038    13364  -1.0000  -1.0000  -1.0000  -1.0000
    31822248 fnpc9038.fnal.gov   GenuineIntel  4799.71  760_1900  2750.520  1956.950     -1    12128    12379  -1.0000  -1.0000  -1.0000  -1.0000
    31822248 fnpc6023.fnal.gov   AuthenticAMD  4599.36  760_1900  2750.900  1912.260     -1    29379    29795  -1.0000  -1.0000  -1.0000  -1.0000
    31822248 fnpc6030.fnal.gov   AuthenticAMD  4599.38  760_1900  2747.640  1904.960     -1    28014    28988  -1.0000  -1.0000  -1.0000  -1.0000
    31822248 fnpc6028.fnal.gov   AuthenticAMD  4599.39  760_1900  2749.100  1942.310     -1    25438    25820  -1.0000  -1.0000  -1.0000  -1.0000
    31822248 fnpc7023.fnal.gov   AuthenticAMD  4599.41  760_1900  2748.320  1944.540     -1    25627    25970  -1.0000  -1.0000  -1.0000  -1.0000
    31822248 fnpc6027.fnal.gov   AuthenticAMD  4599.76  760_1900  2747.850  1900.900     -1    27035    27311  -1.0000  -1.0000  -1.0000  -1.0000
    31822248 fnpc9108.fnal.gov   GenuineIntel  4799.72  760_1900  2749.260  1951.330     -1    11693    11761  -1.0000  -1.0000  -1.0000  -1.0000
    31822248 fnpc9072.fnal.gov   GenuineIntel  4799.34  760_1900  2747.290  1964.530     -1    12038    12258  -1.0000  -1.0000  -1.0000  -1.0000
    31822248 fnpc6026.fnal.gov   AuthenticAMD  4599.37  760_1900  2747.620  1907.210     -1    28013    28436  -1.0000  -1.0000  -1.0000  -1.0000
    31822248 fnpc19138.fnal.gov  AuthenticAMD  5000.79  760_1900  2749.600  1895.500     -1     9765    10284  -1.0000  -1.0000  -1.0000  -1.0000
    31822248 fnpc7205.fnal.gov   GenuineIntel  4606.82  760_1900  2749.740  1918.970     -1    18013    18113  -1.0000  -1.0000  -1.0000  -1.0000
    31822248 fnpc8020.fnal.gov   GenuineIntel  4605.52  760_1900  2749.340  1966.620     -1    14650    15335  -1.0000  -1.0000  -1.0000  -1.0000
    31822248 fnpc9073.fnal.gov   GenuineIntel  4799.74  760_1900  2750.290  1913.780     -1    11930    12107  -1.0000  -1.0000  -1.0000  -1.0000
    31822248 fnpc7005.fnal.gov   AuthenticAMD  4599.37  760_1900  2749.090  1936.400     -1    26450    26852  -1.0000  -1.0000  -1.0000  -1.0000
    31822248 fnpc7012.fnal.gov   AuthenticAMD  4599.38  760_1900  2750.730  1903.310     -1    26986    27436  -1.0000  -1.0000  -1.0000  -1.0000
    31822248 fnpc19106.fnal.gov  AuthenticAMD  4999.91  760_1900  2749.900  1894.710     -1    13711    13877  -1.0000  -1.0000  -1.0000  -1.0000
    31822248 fnpc19122.fnal.gov  AuthenticAMD  5000.00  760_1900  2750.190  1898.790     -1    11269    11410  -1.0000  -1.0000  -1.0000  -1.0000
    31822248 fnpc19141.fnal.gov  AuthenticAMD  4999.92  760_1900  2748.810  1897.210     -1    10546    10728  -1.0000  -1.0000  -1.0000  -1.0000
    31822248 fnpc19121.fnal.gov  AuthenticAMD  4999.91  760_1900  2748.040  1910.170     -1     9780     9934  -1.0000  -1.0000  -1.0000  -1.0000
    31822248 fnpc19125.fnal.gov  AuthenticAMD  5000.71  760_1900  2748.360  1962.660     -1     9811     9957  -1.0000  -1.0000  -1.0000  -1.0000
    31822248 fnpc9078.fnal.gov   GenuineIntel  4799.31  760_1900  2748.220  1895.120     -1    12988    13182  -1.0000  -1.0000  -1.0000  -1.0000
    31822248 fnpc6013.fnal.gov   AuthenticAMD  4599.41  760_1900  2751.430  1943.720     -1    29356    29671  -1.0000  -1.0000  -1.0000  -1.0000
    31822248 fnpc9007.fnal.gov   GenuineIntel  4799.30  760_1900  2751.040  1971.310     -1    11839    12245  -1.0000  -1.0000  -1.0000  -1.0000
    31822248 fnpc6026.fnal.gov   AuthenticAMD  4599.37  760_1900  2750.030  1907.940     -1    28487    28951  -1.0000  -1.0000  -1.0000  -1.0000
    31822248 fnpc19138.fnal.gov  AuthenticAMD  5000.79  760_1900  2748.670  1896.350     -1     9848    10050  -1.0000  -1.0000  -1.0000  -1.0000
    31822248 fnpc6025.fnal.gov   AuthenticAMD  4599.40  760_1900  2746.470  1904.960     -1    28017    28427  -1.0000  -1.0000  -1.0000  -1.0000
    31822248 fnpc9073.fnal.gov   GenuineIntel  4799.74  760_1900  2748.090  1910.470     -1    12219    12517  -1.0000  -1.0000  -1.0000  -1.0000
    31822248 fnpc9078.fnal.gov   GenuineIntel  4799.31  760_1900  2746.700  1894.390     -1    13024    13215  -1.0000  -1.0000  -1.0000  -1.0000
    31822248 fnpc19125.fnal.gov  AuthenticAMD  5000.71  760_1900  2749.150  1970.130     -1     9411     9938  -1.0000  -1.0000  -1.0000  -1.0000
    31822248 fnpc17154.fnal.gov  GenuineIntel  4605.94  760_1900  2748.800  1916.210     -1    12164    13392  -1.0000  -1.0000  -1.0000  -1.0000
    31822248 fnpc6026.fnal.gov   AuthenticAMD  4599.37  760_1900  2748.770  1905.980     -1    26719    27327  -1.0000  -1.0000  -1.0000  -1.0000
    31822248 fnpc9006.fnal.gov   GenuineIntel  4799.72  760_1900  2748.010  1970.030     -1    11943    12513  -1.0000  -1.0000  -1.0000  -1.0000
    31822248 fnpc9051.fnal.gov   GenuineIntel  4799.34  760_1900  2750.800  1962.930     -1    11949    12487  -1.0000  -1.0000  -1.0000  -1.0000
    31822248 fnpc8209.fnal.gov   GenuineIntel  4605.83  760_1900  2752.300  1919.610     -1    14836    14934  -1.0000  -1.0000  -1.0000  -1.0000
    31822248 fnpc8202.fnal.gov   GenuineIntel  4606.09  760_1900  2750.280  1946.530     -1    14692    14804  -1.0000  -1.0000  -1.0000  -1.0000
    31822248 fnpc7309.fnal.gov   GenuineIntel  4615.99  760_1900  2750.050  1916.500     -1    14202    14306  -1.0000  -1.0000  -1.0000  -1.0000
    31822248 fnpc17109.fnal.gov  GenuineIntel  4605.66  760_1900  2747.140  1902.000     -1    13447    13716  -1.0000  -1.0000  -1.0000  -1.0000
    31822248 fnpc7203.fnal.gov   GenuineIntel  4605.77  760_1900  2747.700  1902.140     -1    17269    17396  -1.0000  -1.0000  -1.0000  -1.0000
    31822248 fnpc17140.fnal.gov  GenuineIntel  4605.27  760_1900  2754.110  1961.500     -1    15518    15924  -1.0000  -1.0000  -1.0000  -1.0000
    31822248 fnpc17107.fnal.gov  GenuineIntel  4605.60  760_1900  2746.820  1901.890     -1    11469    12363  -1.0000  -1.0000  -1.0000  -1.0000
    31822248 fnpc8006.fnal.gov   GenuineIntel  4606.37  760_1900  2748.160  1894.500     -1    15032    15310  -1.0000  -1.0000  -1.0000  -1.0000
    31822248 fnpc17160.fnal.gov  GenuineIntel  4605.53  760_1900  2749.220  1916.500     -1    11472    11889  -1.0000  -1.0000  -1.0000  -1.0000
    31822248 fnpc9017.fnal.gov   GenuineIntel  4799.31  760_1900  2748.090  1949.760     -1    11720    12391  -1.0000  -1.0000  -1.0000  -1.0000
    31822248 fnpc9060.fnal.gov   GenuineIntel  4799.31  760_1900  2748.870  1941.540     -1    13981    14325  -1.0000  -1.0000  -1.0000  -1.0000
    31822248 fnpc8002.fnal.gov   GenuineIntel  4606.25  760_1900  2748.190  1951.760     -1    15200    16001  -1.0000  -1.0000  -1.0000  -1.0000
    31822248 fnpc9077.fnal.gov   GenuineIntel  4799.32  760_1900  2748.900  1962.910     -1    12696    13365  -1.0000  -1.0000  -1.0000  -1.0000
    31822248 fnpc8009.fnal.gov   GenuineIntel  4605.37  760_1900  2749.370  1917.320     -1    15014    15228  -1.0000  -1.0000  -1.0000  -1.0000
    31822248 fnpc9041.fnal.gov   GenuineIntel  4799.30  760_1900  2748.720  1910.190     -1    14153    14604  -1.0000  -1.0000  -1.0000  -1.0000
    31822248 fnpc9037.fnal.gov   GenuineIntel  4799.32  760_1900  2747.790  1901.420     -1    12095    12845  -1.0000  -1.0000  -1.0000  -1.0000
    31822248 fnpc17143.fnal.gov  GenuineIntel  4605.39  760_1900  2747.530  1910.390     -1    13979    14159  -1.0000  -1.0000  -1.0000  -1.0000
    31822248 fnpc9051.fnal.gov   GenuineIntel  4799.34  760_1900  2748.580  1911.300     -1    13118    13660  -1.0000  -1.0000  -1.0000  -1.0000
    31822248 fnpc17142.fnal.gov  GenuineIntel  4605.25  760_1900  2747.790  1956.270     -1    11940    13286  -1.0000  -1.0000  -1.0000  -1.0000
    31822248 fnpc5030.fnal.gov   AuthenticAMD  4600.04  760_1900  2749.000  1947.070     -1    27673    27823  -1.0000  -1.0000  -1.0000  -1.0000
    31822248 fnpc17123.fnal.gov  GenuineIntel  4605.36  760_1900  2750.490  1898.930     -1    15083    15372  -1.0000  -1.0000  -1.0000  -1.0000
    31822248 fnpc9101.fnal.gov   GenuineIntel  4799.30  760_1900  2748.140  1947.450     -1    15128    15251  -1.0000  -1.0000  -1.0000  -1.0000
    31822248 fnpc9048.fnal.gov   GenuineIntel  4799.29  760_1900  2747.960  1902.730     -1    12430    12897  -1.0000  -1.0000  -1.0000  -1.0000
    31822248 fnpc17130.fnal.gov  GenuineIntel  4605.69  760_1900  2752.540  1912.460     -1    15039    15505  -1.0000  -1.0000  -1.0000  -1.0000
    31822248 fnpc9079.fnal.gov   GenuineIntel  4800.50  760_1900  2749.200  1937.670     -1    13152    13276  -1.0000  -1.0000  -1.0000  -1.0000
    31822248 fnpc9044.fnal.gov   GenuineIntel  4799.34  760_1900  2751.240  1956.030     -1    12226    12740  -1.0000  -1.0000  -1.0000  -1.0000
    31822248 fnpc9026.fnal.gov   GenuineIntel  4799.33  760_1900  2751.020  1905.720     -1    13809    13941  -1.0000  -1.0000  -1.0000  -1.0000
    31822248 fnpc17117.fnal.gov  GenuineIntel  4605.30  760_1900  2750.170  1898.210     -1    12397    13114  -1.0000  -1.0000  -1.0000  -1.0000
    31822248 fnpc9045.fnal.gov   GenuineIntel  4800.49  760_1900  2749.040  1911.030     -1    12625    12972  -1.0000  -1.0000  -1.0000  -1.0000
    31822248 fnpc9028.fnal.gov   GenuineIntel  4799.34  760_1900  2751.950  1974.370     -1    11905    12135  -1.0000  -1.0000  -1.0000  -1.0000
    31822248 fnpc9008.fnal.gov   GenuineIntel  4799.31  760_1900  2748.910  1895.090     -1    11835    12013  -1.0000  -1.0000  -1.0000  -1.0000
    31822248 fnpc17144.fnal.gov  GenuineIntel  4605.59  760_1900  2747.430  1958.290     -1    11968    12195  -1.0000  -1.0000  -1.0000  -1.0000
    31822248 fnpc9035.fnal.gov   GenuineIntel  4800.11  760_1900  2748.170  1954.000     -1    13125    13321  -1.0000  -1.0000  -1.0000  -1.0000
    31822248 fnpc9065.fnal.gov   GenuineIntel  4799.32  760_1900  2748.750  1939.730     -1    11650    11891  -1.0000  -1.0000  -1.0000  -1.0000
    31822248 fnpc6003.fnal.gov   AuthenticAMD  4599.39  760_1900  2748.740  1922.860     -1    27208    27594  -1.0000  -1.0000  -1.0000  -1.0000
    31822248 fnpc9103.fnal.gov   GenuineIntel  4799.31  760_1900  2748.100  1961.350     -1    12201    12276  -1.0000  -1.0000  -1.0000  -1.0000
    31822248 fnpc7029.fnal.gov   AuthenticAMD  4599.37  760_1900  2746.390  1943.920     -1    27020    27540  -1.0000  -1.0000  -1.0000  -1.0000
    31822248 fnpc6001.fnal.gov   AuthenticAMD  4599.76  760_1900  2747.100  1894.500     -1    27725    28080  -1.0000  -1.0000  -1.0000  -1.0000
    31822248 fnpc9010.fnal.gov   GenuineIntel  4800.48  760_1900  2749.900  1974.890     -1    11665    12417  -1.0000  -1.0000  -1.0000  -1.0000
    31822248 fnpc6015.fnal.gov   AuthenticAMD  4599.50  760_1900  2749.290  1892.750     -1    27634    28133  -1.0000  -1.0000  -1.0000  -1.0000
    31822248 fnpc19136.fnal.gov  AuthenticAMD  4999.91  760_1900  2749.740  1959.430     -1    10982    11170  -1.0000  -1.0000  -1.0000  -1.0000
    31822248 fnpc7028.fnal.gov   AuthenticAMD  4599.41  760_1900  2749.290  1961.640     -1    26826    27389  -1.0000  -1.0000  -1.0000  -1.0000
    31822248 fnpc19112.fnal.gov  AuthenticAMD  5000.02  760_1900  2748.240  1915.150     -1    12157    12379  -1.0000  -1.0000  -1.0000  -1.0000
    31822248 fnpc19103.fnal.gov  AuthenticAMD  4999.90  760_1900  2749.000  1931.790     -1    11416    11682  -1.0000  -1.0000  -1.0000  -1.0000
    31822248 fnpc19130.fnal.gov  AuthenticAMD  5000.04  760_1900  2748.000  1911.580     -1     9788    10003  -1.0000  -1.0000  -1.0000  -1.0000
    31822248 fnpc19109.fnal.gov  AuthenticAMD  4999.91  760_1900  2750.540  1951.210     -1    10093    10492  -1.0000  -1.0000  -1.0000  -1.0000
    31822248 fnpc19105.fnal.gov  AuthenticAMD  5000.72  760_1900  2750.980  1967.170     -1     9833     9908  -1.0000  -1.0000  -1.0000  -1.0000
    31822248 fnpc19107.fnal.gov  AuthenticAMD  4999.99  760_1900  2748.130  1908.240     -1    10384    10576  -1.0000  -1.0000  -1.0000  -1.0000
    31822248 fnpc7203.fnal.gov   GenuineIntel  4605.77  760_1900  2750.200  1919.230     -1    17394    17494  -1.0000  -1.0000  -1.0000  -1.0000
    31822248 fnpc9060.fnal.gov   GenuineIntel  4799.31  760_1900  2748.040  1965.010     -1    14018    14417  -1.0000  -1.0000  -1.0000  -1.0000
    31822248 fnpc9041.fnal.gov   GenuineIntel  4799.30  760_1900  2748.610  1910.880     -1    14043    14320  -1.0000  -1.0000  -1.0000  -1.0000
    31822248 fnpc5030.fnal.gov   AuthenticAMD  4600.04  760_1900  2750.050  1962.530     -1    27902    28096  -1.0000  -1.0000  -1.0000  -1.0000
    31822248 fnpc9101.fnal.gov   GenuineIntel  4799.30  760_1900  2751.230  1954.050     -1    15163    15314  -1.0000  -1.0000  -1.0000  -1.0000
    31822248 fnpc9028.fnal.gov   GenuineIntel  4799.34  760_1900  2751.140  1970.290     -1    11718    11809  -1.0000  -1.0000  -1.0000  -1.0000
    31822248 fnpc8009.fnal.gov   GenuineIntel  4605.37  760_1900  2747.840  1916.830     -1    15467    15670  -1.0000  -1.0000  -1.0000  -1.0000
    31822248 fnpc9035.fnal.gov   GenuineIntel  4800.11  760_1900  2750.510  1973.320     -1    13142    13326  -1.0000  -1.0000  -1.0000  -1.0000
    31822248 fnpc17143.fnal.gov  GenuineIntel  4605.39  760_1900  2751.400  1914.410     -1    14904    15127  -1.0000  -1.0000  -1.0000  -1.0000
    31822248 fnpc6003.fnal.gov   AuthenticAMD  4599.39  760_1900  2748.870  1939.200     -1    25622    25863  -1.0000  -1.0000  -1.0000  -1.0000
    31822248 fnpc17123.fnal.gov  GenuineIntel  4605.36  760_1900  2746.530  1895.210     -1    14839    15117  -1.0000  -1.0000  -1.0000  -1.0000
    31822248 fnpc7029.fnal.gov   AuthenticAMD  4599.37  760_1900  2748.620  1942.050     -1    28654    29066  -1.0000  -1.0000  -1.0000  -1.0000
    31822248 fnpc9044.fnal.gov   GenuineIntel  4799.34  760_1900  2750.260  1969.450     -1    12135    12707  -1.0000  -1.0000  -1.0000  -1.0000
    31822248 fnpc9045.fnal.gov   GenuineIntel  4800.49  760_1900  2749.250  1911.050     -1    12572    12735  -1.0000  -1.0000  -1.0000  -1.0000
    31822248 fnpc6001.fnal.gov   AuthenticAMD  4599.76  760_1900  2746.840  1892.340     -1    27889    28222  -1.0000  -1.0000  -1.0000  -1.0000
    31822248 fnpc19136.fnal.gov  AuthenticAMD  4999.91  760_1900  2747.500  1915.210     -1    13266    13484  -1.0000  -1.0000  -1.0000  -1.0000
    31822248 fnpc19112.fnal.gov  AuthenticAMD  5000.02  760_1900  2752.970  1954.070     -1    10661    10828  -1.0000  -1.0000  -1.0000  -1.0000
    31822248 fnpc19109.fnal.gov  AuthenticAMD  4999.91  760_1900  2752.330  1958.510     -1    10489    10585  -1.0000  -1.0000  -1.0000  -1.0000
    31822248 fnpc19105.fnal.gov  AuthenticAMD  5000.72  760_1900  2750.320  1970.770     -1     9753     9829  -1.0000  -1.0000  -1.0000  -1.0000
    31822248 fnpc19135.fnal.gov  AuthenticAMD  4999.99  760_1900  2751.940  1968.880     -1    10183    10327  -1.0000  -1.0000  -1.0000  -1.0000
    31822248 fnpc9010.fnal.gov   GenuineIntel  4800.48  760_1900  2751.890  1971.100     -1    11918    13072  -1.0000  -1.0000  -1.0000  -1.0000
    31822248 fnpc19128.fnal.gov  AuthenticAMD  4999.94  760_1900  2749.350  1951.660     -1     9227     9346  -1.0000  -1.0000  -1.0000  -1.0000
    31822248 fnpc19118.fnal.gov  AuthenticAMD  4999.90  760_1900  2746.590  1908.990     -1     9305     9457  -1.0000  -1.0000  -1.0000  -1.0000
    31822248 fnpc9008.fnal.gov   GenuineIntel  4799.31  760_1900  2751.850  1913.280     -1    11926    12267  -1.0000  -1.0000  -1.0000  -1.0000
    31822248 fnpc9041.fnal.gov   GenuineIntel  4799.30  760_1900  2751.330  1914.120     -1    14135    14415  -1.0000  -1.0000  -1.0000  -1.0000
    31822248 fnpc9035.fnal.gov   GenuineIntel  4800.11  760_1900  2747.790  1966.060     -1    13227    13373  -1.0000  -1.0000  -1.0000  -1.0000
    31822248 fnpc19135.fnal.gov  AuthenticAMD  4999.99  760_1900  2748.850  1948.180     -1    10152    10221  -1.0000  -1.0000  -1.0000  -1.0000
    31822248 fnpc17144.fnal.gov  GenuineIntel  4605.59  760_1900  2750.150  1961.250     -1    11854    12142  -1.0000  -1.0000  -1.0000  -1.0000
    31822248 fnpc17143.fnal.gov  GenuineIntel  4605.39  760_1900  2749.870  1911.430     -1    14935    15045  -1.0000  -1.0000  -1.0000  -1.0000
    31822248 fnpc9044.fnal.gov   GenuineIntel  4799.34  760_1900  2748.820  1968.650     -1    12428    12945  -1.0000  -1.0000  -1.0000  -1.0000
    31822248 fnpc19112.fnal.gov  AuthenticAMD  5000.02  760_1900  2747.380  1914.190     -1    12116    12619  -1.0000  -1.0000  -1.0000  -1.0000
    31822248 fnpc19128.fnal.gov  AuthenticAMD  4999.94  760_1900  2750.110  1969.550     -1     9225     9361  -1.0000  -1.0000  -1.0000  -1.0000
    31822248 fnpc19118.fnal.gov  AuthenticAMD  4999.90  760_1900  2751.570  1914.140     -1     9322     9491  -1.0000  -1.0000  -1.0000  -1.0000
    31822248 fnpc8002.fnal.gov   GenuineIntel  4606.25  760_1900  2748.960  1943.010     -1    15332    16110  -1.0000  -1.0000  -1.0000  -1.0000
    31822248 fnpc9035.fnal.gov   GenuineIntel  4800.11  760_1900  2749.940  1965.920     -1    13341    13648  -1.0000  -1.0000  -1.0000  -1.0000
    31822248 fnpc9037.fnal.gov   GenuineIntel  4799.32  760_1900  2748.780  1903.300     -1    12443    13175  -1.0000  -1.0000  -1.0000  -1.0000
    31822248 fnpc17143.fnal.gov  GenuineIntel  4605.39  760_1900  2751.840  1913.910     -1    14844    14971  -1.0000  -1.0000  -1.0000  -1.0000
    31822248 fnpc19118.fnal.gov  AuthenticAMD  4999.90  760_1900  2749.900  1910.940     -1     9308     9445  -1.0000  -1.0000  -1.0000  -1.0000
    31822248 fnpc19130.fnal.gov  AuthenticAMD  5000.04  760_1900  2748.230  1911.480     -1    10674    10755  -1.0000  -1.0000  -1.0000  -1.0000
    31822248 fnpc19107.fnal.gov  AuthenticAMD  4999.99  760_1900  2747.780  1910.220     -1     9662     9798  -1.0000  -1.0000  -1.0000  -1.0000
    31822248 fnpc19112.fnal.gov  AuthenticAMD  5000.02  760_1900  2746.590  1902.780     -1    12175    12369  -1.0000  -1.0000  -1.0000  -1.0000
    31822248 fnpc9035.fnal.gov   GenuineIntel  4800.11  760_1900  2749.400  1965.180     -1    13205    13351  -1.0000  -1.0000  -1.0000  -1.0000
    31822248 fnpc19118.fnal.gov  AuthenticAMD  4999.90  760_1900  2751.170  1913.670     -1     9353     9412  -1.0000  -1.0000  -1.0000  -1.0000
    31822248 fnpc17144.fnal.gov  GenuineIntel  4605.59  760_1900  2751.000  1960.640     -1    11856    12507  -1.0000  -1.0000  -1.0000  -1.0000
    31822248 fnpc9044.fnal.gov   GenuineIntel  4799.34  760_1900  2750.280  1955.240     -1    12170    12825  -1.0000  -1.0000  -1.0000  -1.0000
    31822248 fnpc17160.fnal.gov  GenuineIntel  4605.53  760_1900  2748.600  1903.350     -1    11810    12108  -1.0000  -1.0000  -1.0000  -1.0000
    31822248 fnpc9017.fnal.gov   GenuineIntel  4799.31  760_1900  2746.950  1949.470     -1    11722    12206  -1.0000  -1.0000  -1.0000  -1.0000
    31822248 fnpc8002.fnal.gov   GenuineIntel  4606.25  760_1900  2751.980  1968.820     -1    15294    15948  -1.0000  -1.0000  -1.0000  -1.0000
    31822248 fnpc19107.fnal.gov  AuthenticAMD  4999.99  760_1900  2750.000  1897.680     -1     9666     9737  -1.0000  -1.0000  -1.0000  -1.0000
    31822248 fnpc17144.fnal.gov  GenuineIntel  4605.59  760_1900  2749.600  1949.680     -1    11875    12168  -1.0000  -1.0000  -1.0000  -1.0000
    31822248 fnpc7301.fnal.gov   GenuineIntel  4618.77  760_1900  2747.580  1915.210     -1    16222    16429  -1.0000  -1.0000  -1.0000  -1.0000
    31822248 fnpc8022.fnal.gov   GenuineIntel  4605.81  760_1900  2749.430  1904.150     -1    16990    18103  -1.0000  -1.0000  -1.0000  -1.0000
    31822248 fnpc8001.fnal.gov   GenuineIntel  4605.88  760_1900  2748.380  1958.650     -1    17602    17850  -1.0000  -1.0000  -1.0000  -1.0000
    31822248 fnpc17112.fnal.gov  GenuineIntel  4605.65  760_1900  2748.960  1903.560     -1    13633    14037  -1.0000  -1.0000  -1.0000  -1.0000
    31822248 fnpc17116.fnal.gov  GenuineIntel  4605.60  760_1900  2747.650  1911.960     -1    11272    12304  -1.0000  -1.0000  -1.0000  -1.0000
    31822248 fnpc17141.fnal.gov  GenuineIntel  4605.55  760_1900  2739.880  1953.580     -1    11735    13438  -1.0000  -1.0000  -1.0000  -1.0000
    31822248 fnpc17158.fnal.gov  GenuineIntel  4605.58  760_1900  2750.620  1917.390     -1    11274    12010  -1.0000  -1.0000  -1.0000  -1.0000
    31822248 fnpc17101.fnal.gov  GenuineIntel  4605.59  760_1900  2752.140  1948.960     -1    11914    12474  -1.0000  -1.0000  -1.0000  -1.0000
    31822248 fnpc9051.fnal.gov   GenuineIntel  4799.34  760_1900  2751.680  1965.460     -1    12815    13212  -1.0000  -1.0000  -1.0000  -1.0000
    31822248 fnpc7024.fnal.gov   AuthenticAMD  4599.36  760_1900  2751.610  1940.120     -1    26067    27447  -1.0000  -1.0000  -1.0000  -1.0000
    31822248 fnpc17130.fnal.gov  GenuineIntel  4605.69  760_1900  2749.170  1956.610     -1    15037    15647  -1.0000  -1.0000  -1.0000  -1.0000
    31822248 fnpc9033.fnal.gov   GenuineIntel  4799.72  760_1900  2749.540  1911.830     -1    12221    12532  -1.0000  -1.0000  -1.0000  -1.0000
    31822248 fnpc9075.fnal.gov   GenuineIntel  4799.72  760_1900  2747.160  1954.640     -1    11816    12305  -1.0000  -1.0000  -1.0000  -1.0000
    31822248 fnpc7001.fnal.gov   AuthenticAMD  4599.51  760_1900  2751.090  1931.230     -1    27282    27823  -1.0000  -1.0000  -1.0000  -1.0000
    31822248 fnpc9025.fnal.gov   GenuineIntel  4799.45  760_1900  2749.890  1962.990     -1    12501    13079  -1.0000  -1.0000  -1.0000  -1.0000
    31822248 fnpc9011.fnal.gov   GenuineIntel  4799.34  760_1900  2747.920  1967.500     -1    11768    12388  -1.0000  -1.0000  -1.0000  -1.0000
    31822248 fnpc17134.fnal.gov  GenuineIntel  4605.20  760_1900  2747.600  1960.260     -1    10806    11019  -1.0000  -1.0000  -1.0000  -1.0000
    31822248 fnpc9065.fnal.gov   GenuineIntel  4799.32  760_1900  2749.480  1958.680     -1    11601    11695  -1.0000  -1.0000  -1.0000  -1.0000
    31822248 fnpc6023.fnal.gov   AuthenticAMD  4599.36  760_1900  2747.440  1947.070     -1    27083    27439  -1.0000  -1.0000  -1.0000  -1.0000
    31822248 fnpc7022.fnal.gov   AuthenticAMD  4599.40  760_1900  2745.550  1904.420     -1    27478    28088  -1.0000  -1.0000  -1.0000  -1.0000
    31822248 fnpc7004.fnal.gov   AuthenticAMD  4599.38  760_1900  2746.740  1954.670     -1    25929    26698  -1.0000  -1.0000  -1.0000  -1.0000
    31822248 fnpc6027.fnal.gov   AuthenticAMD  4599.76  760_1900  2749.490  1890.800     -1    27521    27841  -1.0000  -1.0000  -1.0000  -1.0000
    31822248 fnpc6004.fnal.gov   AuthenticAMD  4601.73  760_1900  2748.370  1948.520     -1    26617    27110  -1.0000  -1.0000  -1.0000  -1.0000
    31822248 fnpc19106.fnal.gov  AuthenticAMD  4999.91  760_1900  2749.800  1960.480     -1    11435    11548  -1.0000  -1.0000  -1.0000  -1.0000
    31822248 fnpc19132.fnal.gov  AuthenticAMD  5000.83  760_1900  2750.890  1949.880     -1    10629    11041  -1.0000  -1.0000  -1.0000  -1.0000
    31822248 fnpc19139.fnal.gov  AuthenticAMD  5000.00  760_1900  2746.890  1963.190     -1    12797    13000  -1.0000  -1.0000  -1.0000  -1.0000
    31822248 fnpc19114.fnal.gov  AuthenticAMD  4999.99  760_1900  2748.030  1960.690     -1    10541    10664  -1.0000  -1.0000  -1.0000  -1.0000
    31822248 fnpc19119.fnal.gov  AuthenticAMD  4999.91  760_1900  2750.110  1899.020     -1    11440    11596  -1.0000  -1.0000  -1.0000  -1.0000
    31822248 fnpc19117.fnal.gov  AuthenticAMD  4999.90  760_1900  2750.460  1964.470     -1    10115    10289  -1.0000  -1.0000  -1.0000  -1.0000
    31822248 fnpc19122.fnal.gov  AuthenticAMD  5000.00  760_1900  2748.460  1945.280     -1    11158    11378  -1.0000  -1.0000  -1.0000  -1.0000
    31822248 fnpc17141.fnal.gov  GenuineIntel  4605.55  760_1900  2747.200  1971.200     -1    11738    13811  -1.0000  -1.0000  -1.0000  -1.0000
    31822248 fnpc17112.fnal.gov  GenuineIntel  4605.65  760_1900  2748.150  1917.740     -1    13708    14090  -1.0000  -1.0000  -1.0000  -1.0000
    31822248 fnpc19138.fnal.gov  AuthenticAMD  5000.79  760_1900  2749.780  1957.830     -1     9713     9886  -1.0000  -1.0000  -1.0000  -1.0000
    31822248 fnpc9051.fnal.gov   GenuineIntel  4799.34  760_1900  2748.980  1965.300     -1    12313    12685  -1.0000  -1.0000  -1.0000  -1.0000
    31822248 fnpc9011.fnal.gov   GenuineIntel  4799.34  760_1900  2748.710  1958.900     -1    11822    12513  -1.0000  -1.0000  -1.0000  -1.0000
    31822248 fnpc9075.fnal.gov   GenuineIntel  4799.72  760_1900  2750.290  1975.360     -1    12044    13182  -1.0000  -1.0000  -1.0000  -1.0000
    31822248 fnpc6027.fnal.gov   AuthenticAMD  4599.76  760_1900  2747.030  1888.770     -1    27846    28233  -1.0000  -1.0000  -1.0000  -1.0000
    31822248 fnpc19122.fnal.gov  AuthenticAMD  5000.00  760_1900  2747.260  1960.730     -1    11174    11274  -1.0000  -1.0000  -1.0000  -1.0000
    31822248 fnpc17130.fnal.gov  GenuineIntel  4605.69  760_1900  2749.440  1945.590     -1    14430    15057  -1.0000  -1.0000  -1.0000  -1.0000
    31822248 fnpc7001.fnal.gov   AuthenticAMD  4599.51  760_1900  2752.950  1933.600     -1    27327    27800  -1.0000  -1.0000  -1.0000  -1.0000
    31822248 fnpc6023.fnal.gov   AuthenticAMD  4599.36  760_1900  2750.060  1957.630     -1    27039    27325  -1.0000  -1.0000  -1.0000  -1.0000
    31822248 fnpc7022.fnal.gov   AuthenticAMD  4599.40  760_1900  2746.930  1908.980     -1    26138    26474  -1.0000  -1.0000  -1.0000  -1.0000
    31822248 fnpc7004.fnal.gov   AuthenticAMD  4599.38  760_1900  2750.910  1915.400     -1    28403    29137  -1.0000  -1.0000  -1.0000  -1.0000
    31822248 fnpc6004.fnal.gov   AuthenticAMD  4601.73  760_1900  2752.080  1937.620     -1    28074    28749  -1.0000  -1.0000  -1.0000  -1.0000
    31822248 fnpc19132.fnal.gov  AuthenticAMD  5000.83  760_1900  2750.390  1915.870     -1    12316    12471  -1.0000  -1.0000  -1.0000  -1.0000
    31822248 fnpc19114.fnal.gov  AuthenticAMD  4999.99  760_1900  2750.420  1967.620     -1    10542    10646  -1.0000  -1.0000  -1.0000  -1.0000
    31822248 fnpc19119.fnal.gov  AuthenticAMD  4999.91  760_1900  2748.890  1899.120     -1    11381    11525  -1.0000  -1.0000  -1.0000  -1.0000
    31822248 fnpc19117.fnal.gov  AuthenticAMD  4999.90  760_1900  2746.230  1945.410     -1    10138    10267  -1.0000  -1.0000  -1.0000  -1.0000
    31822248 fnpc19138.fnal.gov  AuthenticAMD  5000.79  760_1900  2749.700  1949.120     -1     9684     9778  -1.0000  -1.0000  -1.0000  -1.0000
    31822248 fnpc8023.fnal.gov   GenuineIntel  4605.91  760_1900  2751.860  1961.340     -1    29944    30341  -1.0000  -1.0000  -1.0000  -1.0000
    31822248 fnpc9051.fnal.gov   GenuineIntel  4799.34  760_1900  2751.180  1970.720     -1    11924    12261  -1.0000  -1.0000  -1.0000  -1.0000
    31822248 fnpc19139.fnal.gov  AuthenticAMD  5000.00  760_1900  2751.150  1937.260     -1    12779    12897  -1.0000  -1.0000  -1.0000  -1.0000
    31822248 fnpc17112.fnal.gov  GenuineIntel  4605.65  760_1900  2748.760  1903.920     -1    13685    14251  -1.0000  -1.0000  -1.0000  -1.0000
    31822248 fnpc6027.fnal.gov   AuthenticAMD  4599.76  760_1900  2748.420  1906.460     -1    26295    26689  -1.0000  -1.0000  -1.0000  -1.0000
    31822248 fnpc7024.fnal.gov   AuthenticAMD  4599.36  760_1900  2749.930  1939.290     -1    25874    27261  -1.0000  -1.0000  -1.0000  -1.0000
    31822248 fnpc17134.fnal.gov  GenuineIntel  4605.20  760_1900  2747.820  1964.950     -1    10914    11107  -1.0000  -1.0000  -1.0000  -1.0000
    31822248 fnpc17141.fnal.gov  GenuineIntel  4605.55  760_1900  2746.770  1971.970     -1    11626    13265  -1.0000  -1.0000  -1.0000  -1.0000
    31822248 fnpc9025.fnal.gov   GenuineIntel  4799.45  760_1900  2750.100  1948.260     -1    12478    13401  -1.0000  -1.0000  -1.0000  -1.0000
    31822248 fnpc19122.fnal.gov  AuthenticAMD  5000.00  760_1900  2747.930  1965.460     -1    10356    10770  -1.0000  -1.0000  -1.0000  -1.0000
    31822248 fnpc19119.fnal.gov  AuthenticAMD  4999.91  760_1900  2748.610  1914.020     -1    11365    11555  -1.0000  -1.0000  -1.0000  -1.0000
    31822248 fnpc8001.fnal.gov   GenuineIntel  4605.88  760_1900  2749.880  1959.640     -1    17433    17629  -1.0000  -1.0000  -1.0000  -1.0000
    31822248 fnpc19132.fnal.gov  AuthenticAMD  5000.83  760_1900  2749.670  1963.110     -1    10623    10695  -1.0000  -1.0000  -1.0000  -1.0000
    31822248 fnpc19117.fnal.gov  AuthenticAMD  4999.90  760_1900  2745.600  1945.470     -1    11016    11259  -1.0000  -1.0000  -1.0000  -1.0000
    31822248 fnpc19106.fnal.gov  AuthenticAMD  4999.91  760_1900  2749.790  1917.230     -1    13639    13789  -1.0000  -1.0000  -1.0000  -1.0000
    31822248 fnpc7004.fnal.gov   AuthenticAMD  4599.38  760_1900  2748.650  1944.450     -1    26032    26841  -1.0000  -1.0000  -1.0000  -1.0000
    31822248 fnpc6027.fnal.gov   AuthenticAMD  4599.76  760_1900  2749.050  1885.190     -1    27794    28012  -1.0000  -1.0000  -1.0000  -1.0000
    31822248 fnpc19119.fnal.gov  AuthenticAMD  4999.91  760_1900  2748.940  1947.870     -1    10352    10507  -1.0000  -1.0000  -1.0000  -1.0000
    31822248 fnpc19122.fnal.gov  AuthenticAMD  5000.00  760_1900  2748.650  1947.490     -1    10360    10526  -1.0000  -1.0000  -1.0000  -1.0000
    31822248 fnpc19117.fnal.gov  AuthenticAMD  4999.90  760_1900  2747.940  1948.370     -1    10119    10213  -1.0000  -1.0000  -1.0000  -1.0000
    31822248 fnpc19132.fnal.gov  AuthenticAMD  5000.83  760_1900  2752.410  1966.510     -1    10646    10752  -1.0000  -1.0000  -1.0000  -1.0000
    31822248 fnpc19119.fnal.gov  AuthenticAMD  4999.91  760_1900  2750.970  1953.370     -1    10354    10516  -1.0000  -1.0000  -1.0000  -1.0000
    31822248 fnpc19122.fnal.gov  AuthenticAMD  5000.00  760_1900  2748.200  1949.200     -1    11253    11358  -1.0000  -1.0000  -1.0000  -1.0000
    31822248 fnpc19106.fnal.gov  AuthenticAMD  4999.91  760_1900  2748.560  1962.200     -1    11459    11973  -1.0000  -1.0000  -1.0000  -1.0000
    31822248 fnpc19117.fnal.gov  AuthenticAMD  4999.90  760_1900  2748.830  1899.720     -1    11150    11802  -1.0000  -1.0000  -1.0000  -1.0000
    31822248 fnpc19119.fnal.gov  AuthenticAMD  4999.91  760_1900  2748.850  1949.790     -1    10293    10386  -1.0000  -1.0000  -1.0000  -1.0000
    31822248 fnpc19132.fnal.gov  AuthenticAMD  5000.83  760_1900  2749.080  1901.440     -1    12304    12460  -1.0000  -1.0000  -1.0000  -1.0000
    31822248 fnpc19122.fnal.gov  AuthenticAMD  5000.00  760_1900  2751.630  1965.320     -1    10385    10592  -1.0000  -1.0000  -1.0000  -1.0000
    31822248 fnpc17101.fnal.gov  GenuineIntel  4605.59  760_1900  2750.160  1946.930     -1    11590    12053  -1.0000  -1.0000  -1.0000  -1.0000
    31822248 fnpc19119.fnal.gov  AuthenticAMD  4999.91  760_1900  2750.610  1964.540     -1    10328    10420  -1.0000  -1.0000  -1.0000  -1.0000
    31822248 fnpc19132.fnal.gov  AuthenticAMD  5000.83  760_1900  2747.430  1967.030     -1    10645    10775  -1.0000  -1.0000  -1.0000  -1.0000
    31822248 fnpc19122.fnal.gov  AuthenticAMD  5000.00  760_1900  2749.460  1948.090     -1    10377    10473  -1.0000  -1.0000  -1.0000  -1.0000
    31822248 fnpc8001.fnal.gov   GenuineIntel  4605.88  760_1900  2750.120  1965.060     -1    17380    17604  -1.0000  -1.0000  -1.0000  -1.0000
    31822248 fnpc7209.fnal.gov   GenuineIntel  4605.44  760_1900  2749.960  1962.140     -1    19102    19251  -1.0000  -1.0000  -1.0000  -1.0000
    31822248 fnpc8210.fnal.gov   GenuineIntel  4606.10  760_1900  2751.090  1902.700     -1    17608    17830  -1.0000  -1.0000  -1.0000  -1.0000
    31822248 fnpc7202.fnal.gov   GenuineIntel  4606.28  760_1900  2748.010  1949.750     -1    15716    16009  -1.0000  -1.0000  -1.0000  -1.0000
    31822248 fnpc8021.fnal.gov   GenuineIntel  4605.70  760_1900  2746.560  1898.730     -1    16496    16778  -1.0000  -1.0000  -1.0000  -1.0000
    31822248 fnpc8016.fnal.gov   GenuineIntel  4605.51  760_1900  2747.160  1957.160     -1    14448    15141  -1.0000  -1.0000  -1.0000  -1.0000
    31822248 fnpc9041.fnal.gov   GenuineIntel  4799.30  760_1900  2749.200  1916.150     -1    13834    14132  -1.0000  -1.0000  -1.0000  -1.0000
    31822248 fnpc8006.fnal.gov   GenuineIntel  4606.37  760_1900  2746.640  1897.360     -1    15111    15381  -1.0000  -1.0000  -1.0000  -1.0000
    31822248 fnpc17101.fnal.gov  GenuineIntel  4605.59  760_1900  2749.880  1965.780     -1    11656    12205  -1.0000  -1.0000  -1.0000  -1.0000
    31822248 fnpc8025.fnal.gov   GenuineIntel  4605.83  760_1900  2748.000  1960.770     -1    16695    16981  -1.0000  -1.0000  -1.0000  -1.0000
    31822248 fnpc9069.fnal.gov   GenuineIntel  4799.71  760_1900  2748.230  1952.710     -1    13522    13814  -1.0000  -1.0000  -1.0000  -1.0000
    31822248 fnpc17124.fnal.gov  GenuineIntel  4605.53  760_1900  2752.290  1965.810     -1    11681    12136  -1.0000  -1.0000  -1.0000  -1.0000
    31822248 fnpc17159.fnal.gov  GenuineIntel  4605.44  760_1900  2749.040  1903.880     -1    14188    14503  -1.0000  -1.0000  -1.0000  -1.0000
    31822248 fnpc9110.fnal.gov   GenuineIntel  4799.72  760_1900  2749.490  1964.560     -1    12598    12645  -1.0000  -1.0000  -1.0000  -1.0000
    31822248 fnpc17104.fnal.gov  GenuineIntel  4605.73  760_1900  2748.260  1901.380     -1    10691    11304  -1.0000  -1.0000  -1.0000  -1.0000
    31822248 fnpc17123.fnal.gov  GenuineIntel  4605.36  760_1900  2749.420  1912.180     -1    14826    15137  -1.0000  -1.0000  -1.0000  -1.0000
    31822248 fnpc17125.fnal.gov  GenuineIntel  4605.37  760_1900  2750.010  1898.610     -1    15807    16029  -1.0000  -1.0000  -1.0000  -1.0000
    31822248 fnpc9036.fnal.gov   GenuineIntel  4799.32  760_1900  2752.340  1918.050     -1    14484    14676  -1.0000  -1.0000  -1.0000  -1.0000
    31822248 fnpc17110.fnal.gov  GenuineIntel  4605.74  760_1900  2746.960  1945.420     -1    15111    15234  -1.0000  -1.0000  -1.0000  -1.0000
    31822248 fnpc5002.fnal.gov   AuthenticAMD  4600.07  760_1900  2750.370  1964.820     -1    28043    29013  -1.0000  -1.0000  -1.0000  -1.0000
    31822248 fnpc6014.fnal.gov   AuthenticAMD  4599.43  760_1900  2749.980  1910.150     -1    28099    28574  -1.0000  -1.0000  -1.0000  -1.0000
    31822248 fnpc6000.fnal.gov   AuthenticAMD  4599.51  760_1900  2747.190  1937.150     -1    26950    27750  -1.0000  -1.0000  -1.0000  -1.0000
    31822248 fnpc9073.fnal.gov   GenuineIntel  4799.74  760_1900  2751.750  1921.320     -1    11980    12199  -1.0000  -1.0000  -1.0000  -1.0000
    31822248 fnpc17105.fnal.gov  GenuineIntel  4605.96  760_1900  2751.450  1954.700     -1    11496    12114  -1.0000  -1.0000  -1.0000  -1.0000
    31822248 fnpc9014.fnal.gov   GenuineIntel  4799.34  760_1900  2746.290  1944.460     -1    11946    12175  -1.0000  -1.0000  -1.0000  -1.0000
    31822248 fnpc6030.fnal.gov   AuthenticAMD  4599.38  760_1900  2747.180  1927.140     -1    27280    27740  -1.0000  -1.0000  -1.0000  -1.0000
    31822248 fnpc9025.fnal.gov   GenuineIntel  4799.45  760_1900  2748.250  1965.490     -1    12144    12601  -1.0000  -1.0000  -1.0000  -1.0000
    31822248 fnpc9045.fnal.gov   GenuineIntel  4800.49  760_1900  2747.960  1964.470     -1    13003    13197  -1.0000  -1.0000  -1.0000  -1.0000
    31822248 fnpc17117.fnal.gov  GenuineIntel  4605.30  760_1900  2749.990  1962.140     -1    11768    12390  -1.0000  -1.0000  -1.0000  -1.0000
    31822248 fnpc9033.fnal.gov   GenuineIntel  4799.72  760_1900  2747.150  1960.370     -1    11988    12193  -1.0000  -1.0000  -1.0000  -1.0000
    31822248 fnpc17138.fnal.gov  GenuineIntel  4605.77  760_1900  2747.680  1931.640     -1    13126    13421  -1.0000  -1.0000  -1.0000  -1.0000
    31822248 fnpc9076.fnal.gov   GenuineIntel  4799.34  760_1900  2748.670  1962.480     -1    11862    12027  -1.0000  -1.0000  -1.0000  -1.0000
    31822248 fnpc17114.fnal.gov  GenuineIntel  4605.63  760_1900  2746.760  1953.310     -1    11842    12230  -1.0000  -1.0000  -1.0000  -1.0000
    31822248 fnpc9008.fnal.gov   GenuineIntel  4799.31  760_1900  2749.530  1959.980     -1    11880    12045  -1.0000  -1.0000  -1.0000  -1.0000
    31822248 fnpc9005.fnal.gov   GenuineIntel  4800.08  760_1900  2747.790  1958.400     -1    11707    11862  -1.0000  -1.0000  -1.0000  -1.0000
    31822248 fnpc9078.fnal.gov   GenuineIntel  4799.31  760_1900  2746.500  1947.520     -1    13526    13789  -1.0000  -1.0000  -1.0000  -1.0000
    31822248 fnpc17148.fnal.gov  GenuineIntel  4606.12  760_1900  2748.670  1949.840     -1    10738    10880  -1.0000  -1.0000  -1.0000  -1.0000
    31822248 fnpc6024.fnal.gov   AuthenticAMD  4599.37  760_1900  2747.080  1940.000     -1    27771    28070  -1.0000  -1.0000  -1.0000  -1.0000
    31822248 fnpc7209.fnal.gov   GenuineIntel  4605.44  760_1900  2749.450  1950.420     -1    19111    19209  -1.0000  -1.0000  -1.0000  -1.0000
    31822248 fnpc8210.fnal.gov   GenuineIntel  4606.10  760_1900  2749.870  1918.100     -1    17089    17220  -1.0000  -1.0000  -1.0000  -1.0000
    31822248 fnpc6001.fnal.gov   AuthenticAMD  4599.76  760_1900  2748.820  1933.600     -1    27331    27675  -1.0000  -1.0000  -1.0000  -1.0000
    31822248 fnpc6002.fnal.gov   AuthenticAMD  4599.41  760_1900  2748.900  1941.960     -1    25705    26002  -1.0000  -1.0000  -1.0000  -1.0000
    31822248 fnpc17152.fnal.gov  GenuineIntel  4605.55  760_1900  2750.010  1901.510     -1    14233    14722  -1.0000  -1.0000  -1.0000  -1.0000
    31822248 fnpc6006.fnal.gov   AuthenticAMD  4599.60  760_1900  2748.310  1932.910     -1    25938    28080  -1.0000  -1.0000  -1.0000  -1.0000
    31822248 fnpc6026.fnal.gov   AuthenticAMD  4599.37  760_1900  2748.450  1929.500     -1    27378    27916  -1.0000  -1.0000  -1.0000  -1.0000
    31822248 fnpc7007.fnal.gov   AuthenticAMD  4599.35  760_1900  2748.590  1945.050     -1    26441    26703  -1.0000  -1.0000  -1.0000  -1.0000
    31822248 fnpc6015.fnal.gov   AuthenticAMD  4599.50  760_1900  2752.120  1918.750     -1    27099    27599  -1.0000  -1.0000  -1.0000  -1.0000
    31822248 fnpc9069.fnal.gov   GenuineIntel  4799.71  760_1900  2749.180  1971.590     -1    13575    13896  -1.0000  -1.0000  -1.0000  -1.0000
    31822248 fnpc8021.fnal.gov   GenuineIntel  4605.70  760_1900  2749.620  1902.380     -1    16534    16767  -1.0000  -1.0000  -1.0000  -1.0000
    31822248 fnpc8025.fnal.gov   GenuineIntel  4605.83  760_1900  2748.840  1962.340     -1    16719    16849  -1.0000  -1.0000  -1.0000  -1.0000
    31822248 fnpc5002.fnal.gov   AuthenticAMD  4600.07  760_1900  2748.030  1946.830     -1    27900    28183  -1.0000  -1.0000  -1.0000  -1.0000
    31822248 fnpc9078.fnal.gov   GenuineIntel  4799.31  760_1900  2750.240  1961.170     -1    13214    13505  -1.0000  -1.0000  -1.0000  -1.0000
    31822248 fnpc19141.fnal.gov  AuthenticAMD  4999.92  760_1900  2748.950  1945.430     -1    10561    10668  -1.0000  -1.0000  -1.0000  -1.0000
    31822248 fnpc17125.fnal.gov  GenuineIntel  4605.37  760_1900  2749.910  1912.190     -1    15652    15872  -1.0000  -1.0000  -1.0000  -1.0000
    31822248 fnpc9036.fnal.gov   GenuineIntel  4799.32  760_1900  2749.240  1915.170     -1    14241    14474  -1.0000  -1.0000  -1.0000  -1.0000
    31822248 fnpc17110.fnal.gov  GenuineIntel  4605.74  760_1900  2752.180  1968.560     -1    15117    15341  -1.0000  -1.0000  -1.0000  -1.0000
    31822248 fnpc9014.fnal.gov   GenuineIntel  4799.34  760_1900  2747.590  1963.430     -1    11950    12219  -1.0000  -1.0000  -1.0000  -1.0000
    31822248 fnpc17117.fnal.gov  GenuineIntel  4605.30  760_1900  2750.620  1965.600     -1    11702    12366  -1.0000  -1.0000  -1.0000  -1.0000
    31822248 fnpc17138.fnal.gov  GenuineIntel  4605.77  760_1900  2749.950  1960.240     -1    13118    13306  -1.0000  -1.0000  -1.0000  -1.0000
    31822248 fnpc9008.fnal.gov   GenuineIntel  4799.31  760_1900  2748.730  1964.610     -1    11842    12009  -1.0000  -1.0000  -1.0000  -1.0000
    31822248 fnpc17148.fnal.gov  GenuineIntel  4606.12  760_1900  2749.610  1965.830     -1    10964    11110  -1.0000  -1.0000  -1.0000  -1.0000
    31822248 fnpc19124.fnal.gov  AuthenticAMD  4999.98  760_1900  2749.580  1948.180     -1     9418     9884  -1.0000  -1.0000  -1.0000  -1.0000
    31822248 fnpc19104.fnal.gov  AuthenticAMD  4999.91  760_1900  2748.670  1951.480     -1    10410    10662  -1.0000  -1.0000  -1.0000  -1.0000
    31822248 fnpc19130.fnal.gov  AuthenticAMD  5000.04  760_1900  2749.960  1963.620     -1     9804     9942  -1.0000  -1.0000  -1.0000  -1.0000
    31822248 fnpc19121.fnal.gov  AuthenticAMD  4999.91  760_1900  2751.160  1917.150     -1    10607    10771  -1.0000  -1.0000  -1.0000  -1.0000
    31822248 fnpc19116.fnal.gov  AuthenticAMD  4999.92  760_1900  2748.970  1950.930     -1    10839    10926  -1.0000  -1.0000  -1.0000  -1.0000
    31822248 fnpc19107.fnal.gov  AuthenticAMD  4999.99  760_1900  2748.240  1943.180     -1    10345    10427  -1.0000  -1.0000  -1.0000  -1.0000
    31822248 fnpc19118.fnal.gov  AuthenticAMD  4999.90  760_1900  2750.190  1928.400     -1     9383     9569  -1.0000  -1.0000  -1.0000  -1.0000
    31822248 fnpc6001.fnal.gov   AuthenticAMD  4599.76  760_1900  2749.410  1940.520     -1    28264    28549  -1.0000  -1.0000  -1.0000  -1.0000
    31822248 fnpc6000.fnal.gov   AuthenticAMD  4599.51  760_1900  2750.150  1893.150     -1    29175    30039  -1.0000  -1.0000  -1.0000  -1.0000
    31822248 fnpc6030.fnal.gov   AuthenticAMD  4599.38  760_1900  2749.740  1928.440     -1    29281    29727  -1.0000  -1.0000  -1.0000  -1.0000
    31822248 fnpc6024.fnal.gov   AuthenticAMD  4599.37  760_1900  2749.860  1958.650     -1    26675    26907  -1.0000  -1.0000  -1.0000  -1.0000
    31822248 fnpc6026.fnal.gov   AuthenticAMD  4599.37  760_1900  2748.690  1935.880     -1    26686    27178  -1.0000  -1.0000  -1.0000  -1.0000
    31822248 fnpc6015.fnal.gov   AuthenticAMD  4599.50  760_1900  2749.430  1920.040     -1    27086    27611  -1.0000  -1.0000  -1.0000  -1.0000
    31822248 fnpc8006.fnal.gov   GenuineIntel  4606.37  760_1900  2747.440  1915.830     -1    14764    15022  -1.0000  -1.0000  -1.0000  -1.0000
    31822248 fnpc17105.fnal.gov  GenuineIntel  4605.96  760_1900  2750.450  1943.360     -1    12512    13184  -1.0000  -1.0000  -1.0000  -1.0000
    31822248 fnpc6002.fnal.gov   AuthenticAMD  4599.41  760_1900  2750.490  1959.880     -1    26438    26647  -1.0000  -1.0000  -1.0000  -1.0000
    31822248 fnpc9036.fnal.gov   GenuineIntel  4799.32  760_1900  2747.290  1912.880     -1    14397    14645  -1.0000  -1.0000  -1.0000  -1.0000
    31822248 fnpc8021.fnal.gov   GenuineIntel  4605.70  760_1900  2749.930  1919.360     -1    16660    17051  -1.0000  -1.0000  -1.0000  -1.0000
    31822248 fnpc8025.fnal.gov   GenuineIntel  4605.83  760_1900  2749.100  1945.150     -1    16815    17070  -1.0000  -1.0000  -1.0000  -1.0000
    31822248 fnpc17123.fnal.gov  GenuineIntel  4605.36  760_1900  2748.870  1899.150     -1    14688    14938  -1.0000  -1.0000  -1.0000  -1.0000
    31822248 fnpc17152.fnal.gov  GenuineIntel  4605.55  760_1900  2744.950  1912.750     -1    14162    14722  -1.0000  -1.0000  -1.0000  -1.0000
    31822248 fnpc19141.fnal.gov  AuthenticAMD  4999.92  760_1900  2745.450  1948.110     -1    10541    10670  -1.0000  -1.0000  -1.0000  -1.0000
    31822248 fnpc17125.fnal.gov  GenuineIntel  4605.37  760_1900  2750.100  1898.760     -1    15730    15967  -1.0000  -1.0000  -1.0000  -1.0000
    31822248 fnpc17124.fnal.gov  GenuineIntel  4605.53  760_1900  2750.140  1955.820     -1    12115    12672  -1.0000  -1.0000  -1.0000  -1.0000
    31822248 fnpc19130.fnal.gov  AuthenticAMD  5000.04  760_1900  2749.820  1963.430     -1     9837     9908  -1.0000  -1.0000  -1.0000  -1.0000
    31822248 fnpc17138.fnal.gov  GenuineIntel  4605.77  760_1900  2748.690  1940.510     -1    13133    13366  -1.0000  -1.0000  -1.0000  -1.0000
    31822248 fnpc19116.fnal.gov  AuthenticAMD  4999.92  760_1900  2751.330  1973.670     -1    10803    10905  -1.0000  -1.0000  -1.0000  -1.0000
    31822248 fnpc19107.fnal.gov  AuthenticAMD  4999.99  760_1900  2749.150  1900.320     -1    10389    10485  -1.0000  -1.0000  -1.0000  -1.0000
    31822248 fnpc19118.fnal.gov  AuthenticAMD  4999.90  760_1900  2750.790  1946.710     -1     9373     9514  -1.0000  -1.0000  -1.0000  -1.0000
    31822248 fnpc9025.fnal.gov   GenuineIntel  4799.45  760_1900  2749.220  1962.520     -1    12135    12576  -1.0000  -1.0000  -1.0000  -1.0000
    31822248 fnpc6000.fnal.gov   AuthenticAMD  4599.51  760_1900  2749.000  1957.130     -1    26491    27341  -1.0000  -1.0000  -1.0000  -1.0000
    31822248 fnpc9036.fnal.gov   GenuineIntel  4799.32  760_1900  2750.860  1902.660     -1    14205    14427  -1.0000  -1.0000  -1.0000  -1.0000
    31822248 fnpc8025.fnal.gov   GenuineIntel  4605.83  760_1900  2748.570  1965.790     -1    16967    17167  -1.0000  -1.0000  -1.0000  -1.0000
    31822248 fnpc17123.fnal.gov  GenuineIntel  4605.36  760_1900  2748.850  1915.230     -1    14489    14767  -1.0000  -1.0000  -1.0000  -1.0000
    31822248 fnpc19104.fnal.gov  AuthenticAMD  4999.91  760_1900  2747.490  1943.970     -1    10344    10462  -1.0000  -1.0000  -1.0000  -1.0000
    31822248 fnpc17125.fnal.gov  GenuineIntel  4605.37  760_1900  2750.220  1897.670     -1    15822    16147  -1.0000  -1.0000  -1.0000  -1.0000
    31822248 fnpc17101.fnal.gov  GenuineIntel  4605.59  760_1900  2748.650  1966.750     -1    11384    11793  -1.0000  -1.0000  -1.0000  -1.0000
    31822248 fnpc19130.fnal.gov  AuthenticAMD  5000.04  760_1900  2750.060  1967.490     -1     9781     9935  -1.0000  -1.0000  -1.0000  -1.0000
    31822248 fnpc17105.fnal.gov  GenuineIntel  4605.96  760_1900  2749.590  1907.650     -1    12524    13849  -1.0000  -1.0000  -1.0000  -1.0000
    31822248 fnpc17124.fnal.gov  GenuineIntel  4605.53  760_1900  2748.800  1904.320     -1    13077    13572  -1.0000  -1.0000  -1.0000  -1.0000
    31822248 fnpc17123.fnal.gov  GenuineIntel  4605.36  760_1900  2746.670  1912.890     -1    14459    15265  -1.0000  -1.0000  -1.0000  -1.0000
    31822248 fnpc19130.fnal.gov  AuthenticAMD  5000.04  760_1900  2749.990  1962.460     -1     9804    10273  -1.0000  -1.0000  -1.0000  -1.0000
    31822248 fnpc17123.fnal.gov  GenuineIntel  4605.36  760_1900  2747.200  1901.490     -1    14934    15194  -1.0000  -1.0000  -1.0000  -1.0000
    31822248 fnpc17105.fnal.gov  GenuineIntel  4605.96  760_1900  2748.350  1937.820     -1    12516    13053  -1.0000  -1.0000  -1.0000  -1.0000
    31822248 fnpc17123.fnal.gov  GenuineIntel  4605.36  760_1900  2750.910  1919.840     -1    15042    15317  -1.0000  -1.0000  -1.0000  -1.0000
    31822248 fnpc9033.fnal.gov   GenuineIntel  4799.72  760_1900  2746.910  1950.280     -1    12053    12238  -1.0000  -1.0000  -1.0000  -1.0000
    31822248 fnpc17152.fnal.gov  GenuineIntel  4605.55  760_1900  2748.980  1901.830     -1    14288    14658  -1.0000  -1.0000  -1.0000  -1.0000
    31822248 fnpc17123.fnal.gov  GenuineIntel  4605.36  760_1900  2747.170  1901.930     -1    14691    15142  -1.0000  -1.0000  -1.0000  -1.0000
    31822248 fnpc8016.fnal.gov   GenuineIntel  4605.51  760_1900  2749.990  1960.290     -1    14977    16210  -1.0000  -1.0000  -1.0000  -1.0000
    31822248 fnpc9033.fnal.gov   GenuineIntel  4799.72  760_1900  2750.930  1975.810     -1    12137    12383  -1.0000  -1.0000  -1.0000  -1.0000
    31822248 fnpc17123.fnal.gov  GenuineIntel  4605.36  760_1900  2750.010  1904.070     -1    14606    15425  -1.0000  -1.0000  -1.0000  -1.0000
    31822248 fnpc17152.fnal.gov  GenuineIntel  4605.55  760_1900  2749.530  1919.050     -1    14188    14590  -1.0000  -1.0000  -1.0000  -1.0000
    31822248 fnpc8016.fnal.gov   GenuineIntel  4605.51  760_1900  2749.470  1971.580     -1    15017    15594  -1.0000  -1.0000  -1.0000  -1.0000
    31822248 fnpc9033.fnal.gov   GenuineIntel  4799.72  760_1900  2747.980  1963.400     -1    12073    12279  -1.0000  -1.0000  -1.0000  -1.0000
    31822248 fnpc8207.fnal.gov   GenuineIntel  4607.01  760_1900  2751.510  1913.200     -1    15045    15126  -1.0000  -1.0000  -1.0000  -1.0000
    31822248 fnpc8208.fnal.gov   GenuineIntel  4605.81  760_1900  2747.050  1961.710     -1    16617    16749  -1.0000  -1.0000  -1.0000  -1.0000
    31822248 fnpc8013.fnal.gov   GenuineIntel  4605.73  760_1900  2748.650  1949.110     -1    14802    15028  -1.0000  -1.0000  -1.0000  -1.0000
    31822248 fnpc17143.fnal.gov  GenuineIntel  4605.39  760_1900  2748.480  1945.870     -1    14254    14541  -1.0000  -1.0000  -1.0000  -1.0000
    31822248 fnpc17132.fnal.gov  GenuineIntel  4605.25  760_1900  2748.410  1942.020     -1    11066    11356  -1.0000  -1.0000  -1.0000  -1.0000
    31822248 fnpc8007.fnal.gov   GenuineIntel  4611.86  760_1900  2749.750  1950.770     -1    14769    15423  -1.0000  -1.0000  -1.0000  -1.0000
    31822248 fnpc17155.fnal.gov  GenuineIntel  4605.70  760_1900  2746.550  1895.600     -1    11838    12249  -1.0000  -1.0000  -1.0000  -1.0000
    31822248 fnpc7019.fnal.gov   AuthenticAMD  4599.44  760_1900  2750.540  1934.070     -1    28584    29669  -1.0000  -1.0000  -1.0000  -1.0000
    31822248 fnpc9044.fnal.gov   GenuineIntel  4799.34  760_1900  2751.000  1956.190     -1    12399    13018  -1.0000  -1.0000  -1.0000  -1.0000
    31822248 fnpc6014.fnal.gov   AuthenticAMD  4599.43  760_1900  2749.350  1910.370     -1    29437    29749  -1.0000  -1.0000  -1.0000  -1.0000
    31822248 fnpc8027.fnal.gov   GenuineIntel  4605.61  760_1900  2750.080  1919.210     -1    15078    15459  -1.0000  -1.0000  -1.0000  -1.0000
    31822248 fnpc8017.fnal.gov   GenuineIntel  4605.34  760_1900  2748.870  1955.170     -1    14916    15165  -1.0000  -1.0000  -1.0000  -1.0000
    31822248 fnpc9043.fnal.gov   GenuineIntel  4799.71  760_1900  2747.290  1952.610     -1    12071    12713  -1.0000  -1.0000  -1.0000  -1.0000
    31822248 fnpc5014.fnal.gov   AuthenticAMD  4600.06  760_1900  2751.010  1941.250     -1    28230    28604  -1.0000  -1.0000  -1.0000  -1.0000
    31822248 fnpc7001.fnal.gov   AuthenticAMD  4599.51  760_1900  2747.680  1953.790     -1    27065    27579  -1.0000  -1.0000  -1.0000  -1.0000
    31822248 fnpc7003.fnal.gov   AuthenticAMD  4601.45  760_1900  2751.260  1927.430     -1    27345    27980  -1.0000  -1.0000  -1.0000  -1.0000
    31822248 fnpc9015.fnal.gov   GenuineIntel  4799.30  760_1900  2746.100  1945.620     -1    11712    12321  -1.0000  -1.0000  -1.0000  -1.0000
    31822248 fnpc17135.fnal.gov  GenuineIntel  4605.75  760_1900  2749.900  1943.400     -1    11528    11812  -1.0000  -1.0000  -1.0000  -1.0000
    31822248 fnpc9040.fnal.gov   GenuineIntel  4800.47  760_1900  2749.930  1969.190     -1    11830    12199  -1.0000  -1.0000  -1.0000  -1.0000
    31822248 fnpc6004.fnal.gov   AuthenticAMD  4601.73  760_1900  2751.080  1948.740     -1    27850    28152  -1.0000  -1.0000  -1.0000  -1.0000
    31822248 fnpc6019.fnal.gov   AuthenticAMD  4599.37  760_1900  2748.860  1955.260     -1    26642    26858  -1.0000  -1.0000  -1.0000  -1.0000
    31822248 fnpc7012.fnal.gov   AuthenticAMD  4599.38  760_1900  2747.150  1894.380     -1    26414    26997  -1.0000  -1.0000  -1.0000  -1.0000
    31822248 fnpc19101.fnal.gov  AuthenticAMD  4999.94  760_1900  2751.800  1919.170     -1    11401    11528  -1.0000  -1.0000  -1.0000  -1.0000
    31822248 fnpc8017.fnal.gov   GenuineIntel  4605.34  760_1900  2748.630  1974.120     -1    14962    15558  -1.0000  -1.0000  -1.0000  -1.0000
    31822248 fnpc17143.fnal.gov  GenuineIntel  4605.39  760_1900  2747.050  1963.880     -1    14898    14998  -1.0000  -1.0000  -1.0000  -1.0000
    31822248 fnpc5014.fnal.gov   AuthenticAMD  4600.06  760_1900  2749.690  1937.690     -1    27928    28094  -1.0000  -1.0000  -1.0000  -1.0000
    31822248 fnpc9040.fnal.gov   GenuineIntel  4800.47  760_1900  2746.250  1971.470     -1    11972    12428  -1.0000  -1.0000  -1.0000  -1.0000
    31822248 fnpc9015.fnal.gov   GenuineIntel  4799.30  760_1900  2750.350  1968.840     -1    11884    12461  -1.0000  -1.0000  -1.0000  -1.0000
    31822248 fnpc6004.fnal.gov   AuthenticAMD  4601.73  760_1900  2747.460  1947.980     -1    28471    28744  -1.0000  -1.0000  -1.0000  -1.0000
    31822248 fnpc6019.fnal.gov   AuthenticAMD  4599.37  760_1900  2747.650  1933.560     -1    26647    26995  -1.0000  -1.0000  -1.0000  -1.0000
    31822248 fnpc7012.fnal.gov   AuthenticAMD  4599.38  760_1900  2749.260  1909.150     -1    27156    27680  -1.0000  -1.0000  -1.0000  -1.0000
    31822248 fnpc5014.fnal.gov   AuthenticAMD  4600.06  760_1900  2750.370  1938.170     -1    28259    28473  -1.0000  -1.0000  -1.0000  -1.0000
    31822248 fnpc19101.fnal.gov  AuthenticAMD  4999.94  760_1900  2749.270  1959.830     -1    10497    10570  -1.0000  -1.0000  -1.0000  -1.0000
    31822248 fnpc6019.fnal.gov   AuthenticAMD  4599.37  760_1900  2748.670  1936.900     -1    25803    26063  -1.0000  -1.0000  -1.0000  -1.0000
    31822248 fnpc6004.fnal.gov   AuthenticAMD  4601.73  760_1900  2748.260  1950.310     -1    27038    27277  -1.0000  -1.0000  -1.0000  -1.0000
    31822248 fnpc5014.fnal.gov   AuthenticAMD  4600.06  760_1900  2748.190  1951.000     -1    28406    28727  -1.0000  -1.0000  -1.0000  -1.0000
    31822248 fnpc6004.fnal.gov   AuthenticAMD  4601.73  760_1900  2748.400  1945.190     -1    28221    29266  -1.0000  -1.0000  -1.0000  -1.0000
    31822248 fnpc9044.fnal.gov   GenuineIntel  4799.34  760_1900  2747.020  1951.960     -1    12411    13501  -1.0000  -1.0000  -1.0000  -1.0000
    31822248 fnpc17135.fnal.gov  GenuineIntel  4605.75  760_1900  2751.580  1944.000     -1    11251    11454  -1.0000  -1.0000  -1.0000  -1.0000
    31822248 fnpc6004.fnal.gov   AuthenticAMD  4601.73  760_1900  2749.120  1951.240     -1    27587    27825  -1.0000  -1.0000  -1.0000  -1.0000
    31822248 fnpc9043.fnal.gov   GenuineIntel  4799.71  760_1900  2749.350  1944.060     -1    12105    12861  -1.0000  -1.0000  -1.0000  -1.0000
    31822248 fnpc17155.fnal.gov  GenuineIntel  4605.70  760_1900  2747.380  1916.850     -1    11853    12331  -1.0000  -1.0000  -1.0000  -1.0000
    31822248 fnpc17132.fnal.gov  GenuineIntel  4605.25  760_1900  2748.190  1965.490     -1    11004    11297  -1.0000  -1.0000  -1.0000  -1.0000
    31822248 fnpc17135.fnal.gov  GenuineIntel  4605.75  760_1900  2749.460  1964.880     -1    11927    12262  -1.0000  -1.0000  -1.0000  -1.0000
    31822248 fnpc17125.fnal.gov  GenuineIntel  4605.37  760_1900  2751.380  1920.160     -1    15696    15896  -1.0000  -1.0000  -1.0000  -1.0000
    31822248 fnpc17116.fnal.gov  GenuineIntel  4605.60  760_1900  2748.730  1911.130     -1    12267    13414  -1.0000  -1.0000  -1.0000  -1.0000
    31822248 fnpc9050.fnal.gov   GenuineIntel  4799.30  760_1900  2749.270  1915.450     -1    13485    13794  -1.0000  -1.0000  -1.0000  -1.0000
    31822248 fnpc8011.fnal.gov   GenuineIntel  4611.73  760_1900  2750.390  1966.260     -1    15189    15744  -1.0000  -1.0000  -1.0000  -1.0000
    31822248 fnpc9059.fnal.gov   GenuineIntel  4800.08  760_1900  2748.720  1952.320     -1    12863    13241  -1.0000  -1.0000  -1.0000  -1.0000
    31822248 fnpc7021.fnal.gov   AuthenticAMD  4599.40  760_1900  2748.700  1941.610     -1    28595    29014  -1.0000  -1.0000  -1.0000  -1.0000
    31822248 fnpc8018.fnal.gov   GenuineIntel  4611.82  760_1900  2749.270  1961.960     -1    15236    15513  -1.0000  -1.0000  -1.0000  -1.0000
    31822248 fnpc17139.fnal.gov  GenuineIntel  4605.60  760_1900  2747.010  1929.940     -1    11383    11692  -1.0000  -1.0000  -1.0000  -1.0000
    31822248 fnpc6025.fnal.gov   AuthenticAMD  4599.40  760_1900  2750.560  1943.210     -1    27496    27908  -1.0000  -1.0000  -1.0000  -1.0000
    31822248 fnpc9039.fnal.gov   GenuineIntel  4799.72  760_1900  2746.990  1950.890     -1    12305    12793  -1.0000  -1.0000  -1.0000  -1.0000
    31822248 fnpc9021.fnal.gov   GenuineIntel  4799.31  760_1900  2750.340  1963.360     -1    12656    12800  -1.0000  -1.0000  -1.0000  -1.0000
    31822248 fnpc9062.fnal.gov   GenuineIntel  4799.71  760_1900  2750.830  1963.700     -1    12699    13214  -1.0000  -1.0000  -1.0000  -1.0000
    31822248 fnpc7025.fnal.gov   AuthenticAMD  4600.71  760_1900  2749.840  1932.970     -1    25784    26678  -1.0000  -1.0000  -1.0000  -1.0000
    31822248 fnpc7013.fnal.gov   AuthenticAMD  4599.41  760_1900  2749.180  1949.820     -1    27593    27886  -1.0000  -1.0000  -1.0000  -1.0000
    31822248 fnpc6027.fnal.gov   AuthenticAMD  4599.76  760_1900  2748.830  1931.070     -1    27719    27967  -1.0000  -1.0000  -1.0000  -1.0000
    31822248 fnpc19115.fnal.gov  AuthenticAMD  4999.92  760_1900  2746.420  1958.970     -1    10764    10870  -1.0000  -1.0000  -1.0000  -1.0000
    31822248 fnpc8011.fnal.gov   GenuineIntel  4611.73  760_1900  2749.520  1967.370     -1    15127    15690  -1.0000  -1.0000  -1.0000  -1.0000
    31822248 fnpc9059.fnal.gov   GenuineIntel  4800.08  760_1900  2749.490  1960.130     -1    13020    13277  -1.0000  -1.0000  -1.0000  -1.0000
    31822248 fnpc17125.fnal.gov  GenuineIntel  4605.37  760_1900  2750.160  1916.190     -1    15638    15874  -1.0000  -1.0000  -1.0000  -1.0000
    31822248 fnpc19142.fnal.gov  AuthenticAMD  4999.99  760_1900  2747.600  1961.410     -1    10523    10626  -1.0000  -1.0000  -1.0000  -1.0000
    31822248 fnpc9062.fnal.gov   GenuineIntel  4799.71  760_1900  2748.960  1959.400     -1    12532    12858  -1.0000  -1.0000  -1.0000  -1.0000
    31822248 fnpc7021.fnal.gov   AuthenticAMD  4599.40  760_1900  2749.340  1929.140     -1    29936    30425  -1.0000  -1.0000  -1.0000  -1.0000
    31822248 fnpc8207.fnal.gov   GenuineIntel  4607.01  760_1900  2747.510  1901.830     -1    15282    15364  -1.0000  -1.0000  -1.0000  -1.0000
    31822248 fnpc19110.fnal.gov  AuthenticAMD  4999.99  760_1900  2749.850  1948.370     -1     9350     9476  -1.0000  -1.0000  -1.0000  -1.0000
    31822248 fnpc9050.fnal.gov   GenuineIntel  4799.30  760_1900  2750.130  1917.700     -1    13510    13799  -1.0000  -1.0000  -1.0000  -1.0000
    31822248 fnpc19115.fnal.gov  AuthenticAMD  4999.92  760_1900  2750.510  1962.880     -1     9979    10758  -1.0000  -1.0000  -1.0000  -1.0000
    31822248 fnpc19142.fnal.gov  AuthenticAMD  4999.99  760_1900  2749.980  1964.060     -1    10727    10820  -1.0000  -1.0000  -1.0000  -1.0000
    31822248 fnpc17139.fnal.gov  GenuineIntel  4605.60  760_1900  2747.970  1949.410     -1    11290    11579  -1.0000  -1.0000  -1.0000  -1.0000
    31822248 fnpc19110.fnal.gov  AuthenticAMD  4999.99  760_1900  2750.080  1949.210     -1     9393     9763  -1.0000  -1.0000  -1.0000  -1.0000
    31822248 fnpc9059.fnal.gov   GenuineIntel  4800.08  760_1900  2749.320  1973.870     -1    12911    13212  -1.0000  -1.0000  -1.0000  -1.0000
    31822248 fnpc7021.fnal.gov   AuthenticAMD  4599.40  760_1900  2747.200  1943.870     -1    29310    29689  -1.0000  -1.0000  -1.0000  -1.0000
    31822248 fnpc19142.fnal.gov  AuthenticAMD  4999.99  760_1900  2750.140  1949.660     -1    10492    10585  -1.0000  -1.0000  -1.0000  -1.0000
    31822248 fnpc19115.fnal.gov  AuthenticAMD  4999.92  760_1900  2749.140  1962.340     -1    10717    10808  -1.0000  -1.0000  -1.0000  -1.0000
    31822248 fnpc19110.fnal.gov  AuthenticAMD  4999.99  760_1900  2748.030  1946.690     -1     9422     9492  -1.0000  -1.0000  -1.0000  -1.0000
    31822248 fnpc19142.fnal.gov  AuthenticAMD  4999.99  760_1900  2748.910  1962.690     -1    10504    10656  -1.0000  -1.0000  -1.0000  -1.0000
    31822248 fnpc19115.fnal.gov  AuthenticAMD  4999.92  760_1900  2746.920  1947.710     -1     9861     9956  -1.0000  -1.0000  -1.0000  -1.0000
    31822248 fnpc7021.fnal.gov   AuthenticAMD  4599.40  760_1900  2749.640  1948.320     -1    28462    28926  -1.0000  -1.0000  -1.0000  -1.0000
    31822248 fnpc9021.fnal.gov   GenuineIntel  4799.31  760_1900  2752.220  1961.370     -1    12194    12356  -1.0000  -1.0000  -1.0000  -1.0000
    31822248 fnpc19110.fnal.gov  AuthenticAMD  4999.99  760_1900  2749.570  1963.410     -1     9363     9553  -1.0000  -1.0000  -1.0000  -1.0000
    31822248 fnpc19142.fnal.gov  AuthenticAMD  4999.99  760_1900  2748.080  1964.940     -1    10644    10803  -1.0000  -1.0000  -1.0000  -1.0000
    31822248 fnpc19142.fnal.gov  AuthenticAMD  4999.99  760_1900  2751.560  1965.770     -1    10654    10852  -1.0000  -1.0000  -1.0000  -1.0000
    31822248 fnpc17116.fnal.gov  GenuineIntel  4605.60  760_1900  2747.940  1914.750     -1    11182    12627  -1.0000  -1.0000  -1.0000  -1.0000
    31822248 fnpc19110.fnal.gov  AuthenticAMD  4999.99  760_1900  2751.380  1953.850     -1     9395     9926  -1.0000  -1.0000  -1.0000  -1.0000
    31822248 fnpc19115.fnal.gov  AuthenticAMD  4999.92  760_1900  2751.720  1918.770     -1    10769    11263  -1.0000  -1.0000  -1.0000  -1.0000
    31822248 fnpc19142.fnal.gov  AuthenticAMD  4999.99  760_1900  2746.630  1944.310     -1    10509    10620  -1.0000  -1.0000  -1.0000  -1.0000
    31822248 fnpc19110.fnal.gov  AuthenticAMD  4999.99  760_1900  2746.730  1962.260     -1     9347     9405  -1.0000  -1.0000  -1.0000  -1.0000
