jobid/I:node_name/C:cpu_id/C:bogomips/F:dsid/C:vmpeak/F:vmhwm/F:tstage/I:totcpu/I:totwall/I:tfull/F:tistn/F:tkffpar/F:tkffdar/F
    31621895 fnpc9017.fnal.gov   GenuineIntel  4799.31  760_2000  2306.810  1705.450     -1     8910     9189  -1.0000  -1.0000  -1.0000  -1.0000
    31621895 fnpc17136.fnal.gov  GenuineIntel  4605.56  760_2000  2305.960  1704.690     -1     7081     7488  -1.0000  -1.0000  -1.0000  -1.0000
    31621895 fnpc9047.fnal.gov   GenuineIntel  4799.72  760_2000  2308.100  1706.310     -1    10642    11097  -1.0000  -1.0000  -1.0000  -1.0000
    31621895 fnpc7307.fnal.gov   GenuineIntel  4605.93  760_2000  2306.980  1704.800     -1     9877     9899  -1.0000  -1.0000  -1.0000  -1.0000
    31621895 fnpc17159.fnal.gov  GenuineIntel  4605.44  760_2000  2309.750  1707.220     -1     9568     9616  -1.0000  -1.0000  -1.0000  -1.0000
    31621895 fnpc8026.fnal.gov   GenuineIntel  4611.95  760_2000  2308.870  1706.360     -1    10795    11009  -1.0000  -1.0000  -1.0000  -1.0000
    31621895 fnpc17140.fnal.gov  GenuineIntel  4605.27  760_2000  2306.140  1691.630     -1    10674    10908  -1.0000  -1.0000  -1.0000  -1.0000
    31621895 fnpc6014.fnal.gov   AuthenticAMD  4599.43  760_2000  2306.280  1708.340     -1    20794    20939  -1.0000  -1.0000  -1.0000  -1.0000
    31621895 fnpc8013.fnal.gov   GenuineIntel  4605.73  760_2000  2307.050  1705.110     -1    10581    10651  -1.0000  -1.0000  -1.0000  -1.0000
    31621895 fnpc17123.fnal.gov  GenuineIntel  4605.36  760_2000  2308.020  1706.980     -1     7323     7681  -1.0000  -1.0000  -1.0000  -1.0000
    31621895 fnpc9005.fnal.gov   GenuineIntel  4800.08  760_2000  2306.870  1705.910     -1     9797     9863  -1.0000  -1.0000  -1.0000  -1.0000
    31621895 fnpc17101.fnal.gov  GenuineIntel  4605.59  760_2000  2308.550  1707.720     -1     7575     7767  -1.0000  -1.0000  -1.0000  -1.0000
    31621895 fnpc7008.fnal.gov   AuthenticAMD  4599.38  760_2000  2306.590  1703.230     -1    20387    20528  -1.0000  -1.0000  -1.0000  -1.0000
    31621895 fnpc5028.fnal.gov   AuthenticAMD  4600.05  760_2000  2307.600  1697.230     -1    18851    18934  -1.0000  -1.0000  -1.0000  -1.0000
    31621895 fnpc9076.fnal.gov   GenuineIntel  4799.34  760_2000  2307.930  1703.850     -1     8982     9030  -1.0000  -1.0000  -1.0000  -1.0000
    31621895 fnpc17121.fnal.gov  GenuineIntel  4605.34  760_2000  2308.190  1706.630     -1    10080    10403  -1.0000  -1.0000  -1.0000  -1.0000
    31621895 fnpc17103.fnal.gov  GenuineIntel  4606.39  760_2000  2307.840  1707.300     -1     7466     7859  -1.0000  -1.0000  -1.0000  -1.0000
    31621895 fnpc9068.fnal.gov   GenuineIntel  4799.33  760_2000  2308.300  1706.640     -1     9326     9439  -1.0000  -1.0000  -1.0000  -1.0000
    31621895 fnpc17130.fnal.gov  GenuineIntel  4605.69  760_2000  2307.120  1704.940     -1    10201    10213  -1.0000  -1.0000  -1.0000  -1.0000
    31621895 fnpc9021.fnal.gov   GenuineIntel  4799.31  760_2000  2307.060  1704.780     -1     8907     8964  -1.0000  -1.0000  -1.0000  -1.0000
    31621895 fnpc17111.fnal.gov  GenuineIntel  4605.73  760_2000  2309.320  1707.520     -1     7242     8267  -1.0000  -1.0000  -1.0000  -1.0000
    31621895 fnpc6003.fnal.gov   AuthenticAMD  4599.39  760_2000  2306.680  1694.450     -1    18840    19083  -1.0000  -1.0000  -1.0000  -1.0000
    31621895 fnpc9008.fnal.gov   GenuineIntel  4799.31  760_2000  2306.580  1705.330     -1     8076     8138  -1.0000  -1.0000  -1.0000  -1.0000
    31621895 fnpc17139.fnal.gov  GenuineIntel  4605.60  760_2000  2307.540  1706.480     -1     7567     7594  -1.0000  -1.0000  -1.0000  -1.0000
    31621895 fnpc6017.fnal.gov   AuthenticAMD  4599.88  760_2000  2308.130  1704.930     -1    19553    19717  -1.0000  -1.0000  -1.0000  -1.0000
    31621895 fnpc7007.fnal.gov   AuthenticAMD  4599.35  760_2000  2308.250  1705.560     -1    20500    20652  -1.0000  -1.0000  -1.0000  -1.0000
    31621895 fnpc6002.fnal.gov   AuthenticAMD  4599.41  760_2000  2307.430  1693.680     -1    18848    18931  -1.0000  -1.0000  -1.0000  -1.0000
    31621895 fnpc17135.fnal.gov  GenuineIntel  4605.75  760_2000  2307.050  1705.460     -1     9167    10035  -1.0000  -1.0000  -1.0000  -1.0000
    31621895 fnpc6024.fnal.gov   AuthenticAMD  4599.37  760_2000  2309.100  1695.450     -1    19227    19441  -1.0000  -1.0000  -1.0000  -1.0000
    31621895 fnpc7029.fnal.gov   AuthenticAMD  4599.37  760_2000  2309.820  1697.690     -1    19996    20101  -1.0000  -1.0000  -1.0000  -1.0000
    31621895 fnpc7005.fnal.gov   AuthenticAMD  4599.37  760_2000  2308.080  1702.790     -1    19862    20045  -1.0000  -1.0000  -1.0000  -1.0000
    31621895 fnpc17118.fnal.gov  GenuineIntel  4605.66  760_2000  2309.590  1706.920     -1     7424     7521  -1.0000  -1.0000  -1.0000  -1.0000
    31621895 fnpc6031.fnal.gov   AuthenticAMD  4599.39  760_2000  2307.850  1702.280     -1    18433    18777  -1.0000  -1.0000  -1.0000  -1.0000
    31621895 fnpc6015.fnal.gov   AuthenticAMD  4599.50  760_2000  2307.200  1701.400     -1    18298    18373  -1.0000  -1.0000  -1.0000  -1.0000
    31621895 fnpc6022.fnal.gov   AuthenticAMD  4598.49  760_2000  2307.710  1701.940     -1    18244    18342  -1.0000  -1.0000  -1.0000  -1.0000
    31621895 fnpc19136.fnal.gov  AuthenticAMD  4999.91  760_2000  2307.760  1706.310     -1     7022     7050  -1.0000  -1.0000  -1.0000  -1.0000
    31621895 fnpc19141.fnal.gov  AuthenticAMD  4999.92  760_2000  2307.340  1705.390     -1     6793     6817  -1.0000  -1.0000  -1.0000  -1.0000
    31621895 fnpc19129.fnal.gov  AuthenticAMD  4999.91  760_2000  2307.840  1705.210     -1     7946     8016  -1.0000  -1.0000  -1.0000  -1.0000
    31621895 fnpc19106.fnal.gov  AuthenticAMD  4999.91  760_2000  2307.450  1704.820     -1     8076     8107  -1.0000  -1.0000  -1.0000  -1.0000
    31621895 fnpc19122.fnal.gov  AuthenticAMD  5000.00  760_2000  2307.260  1705.130     -1     6975     7014  -1.0000  -1.0000  -1.0000  -1.0000
    31621895 fnpc19123.fnal.gov  AuthenticAMD  4999.91  760_2000  2308.890  1706.450     -1     6888     6919  -1.0000  -1.0000  -1.0000  -1.0000
    31621895 fnpc19121.fnal.gov  AuthenticAMD  4999.91  760_2000  2307.500  1705.480     -1     6793     6829  -1.0000  -1.0000  -1.0000  -1.0000
    31621895 fnpc19104.fnal.gov  AuthenticAMD  4999.91  760_2000  2307.380  1705.850     -1     6909     6933  -1.0000  -1.0000  -1.0000  -1.0000
    31621895 fnpc19103.fnal.gov  AuthenticAMD  4999.90  760_2000  2307.640  1705.860     -1     6625     6648  -1.0000  -1.0000  -1.0000  -1.0000
    31621895 fnpc19138.fnal.gov  AuthenticAMD  5000.79  760_2000  2307.830  1705.410     -1     6362     6391  -1.0000  -1.0000  -1.0000  -1.0000
    31621895 fnpc19134.fnal.gov  AuthenticAMD  4999.99  760_2000  2308.080  1695.670     -1     6766     6800  -1.0000  -1.0000  -1.0000  -1.0000
    31621895 fnpc19128.fnal.gov  AuthenticAMD  4999.94  760_2000  2306.810  1705.480     -1     6206     6217  -1.0000  -1.0000  -1.0000  -1.0000
    31621895 fnpc19108.fnal.gov  AuthenticAMD  5000.00  760_2000  2306.170  1704.580     -1     6444     6483  -1.0000  -1.0000  -1.0000  -1.0000
    31621895 fnpc17140.fnal.gov  GenuineIntel  4605.27  760_2000  2308.830  1706.530     -1    10509    10735  -1.0000  -1.0000  -1.0000  -1.0000
