jobid/I:node_name/C:cpu_id/C:bogomips/F:dsid/C:vmpeak/F:vmhwm/F:tstage/I:totcpu/I:totwall/I:tfull/F:tistn/F:tkffpar/F:tkffdar/F
    31676882 fnpc8013.fnal.gov   GenuineIntel  4605.73  760_2100  2750.750  1970.110     -1    15895    16517  -1.0000  -1.0000  -1.0000  -1.0000
    31676882 fnpc7306.fnal.gov   GenuineIntel  4618.09  760_2100  2748.480  1963.170     -1    14709    15341  -1.0000  -1.0000  -1.0000  -1.0000
    31676882 fnpc9023.fnal.gov   GenuineIntel  4799.64  760_2100  2749.580  1948.200     -1    13138    15395  -1.0000  -1.0000  -1.0000  -1.0000
    31676882 fnpc8021.fnal.gov   GenuineIntel  4605.70  760_2100  2750.160  1952.400     -1    19022    19590  -1.0000  -1.0000  -1.0000  -1.0000
    31676882 fnpc5020.fnal.gov   AuthenticAMD  4600.08  760_2100  2749.030  1904.490     -1    28965    31460  -1.0000  -1.0000  -1.0000  -1.0000
    31676882 fnpc8208.fnal.gov   GenuineIntel  4605.81  760_2100  2748.110  1965.030     -1    16023    16201  -1.0000  -1.0000  -1.0000  -1.0000
    31676882 fnpc7201.fnal.gov   GenuineIntel  4611.66  760_2100  2751.490  1959.260     -1    17729    17996  -1.0000  -1.0000  -1.0000  -1.0000
    31676882 fnpc9102.fnal.gov   GenuineIntel  4799.30  760_2100  2749.930  1966.160     -1    16880    17014  -1.0000  -1.0000  -1.0000  -1.0000
    31676882 fnpc17137.fnal.gov  GenuineIntel  4605.37  760_2100  2750.710  1946.720     -1    13807    14158  -1.0000  -1.0000  -1.0000  -1.0000
    31676882 fnpc17135.fnal.gov  GenuineIntel  4605.75  760_2100  2750.190  1941.070     -1    11286    14607  -1.0000  -1.0000  -1.0000  -1.0000
    31676882 fnpc9006.fnal.gov   GenuineIntel  4799.72  760_2100  2749.290  1937.040     -1    14021    16311  -1.0000  -1.0000  -1.0000  -1.0000
    31676882 fnpc17133.fnal.gov  GenuineIntel  4605.58  760_2100  2749.860  1948.180     -1    15836    18285  -1.0000  -1.0000  -1.0000  -1.0000
    31676882 fnpc8001.fnal.gov   GenuineIntel  4605.88  760_2100  2749.850  1950.620     -1    16234    18621  -1.0000  -1.0000  -1.0000  -1.0000
    31676882 fnpc17138.fnal.gov  GenuineIntel  4605.77  760_2100  2749.250  1911.750     -1    14002    14784  -1.0000  -1.0000  -1.0000  -1.0000
    31676882 fnpc9029.fnal.gov   GenuineIntel  4799.29  760_2100  2746.930  1897.570     -1    11699    15693  -1.0000  -1.0000  -1.0000  -1.0000
    31676882 fnpc8022.fnal.gov   GenuineIntel  4605.81  760_2100  2748.860  1962.960     -1    16183    18029  -1.0000  -1.0000  -1.0000  -1.0000
    31676882 fnpc8026.fnal.gov   GenuineIntel  4611.95  760_2100  2748.670  1946.210     -1    14614    16120  -1.0000  -1.0000  -1.0000  -1.0000
    31676882 fnpc9101.fnal.gov   GenuineIntel  4799.30  760_2100  2751.180  1913.950     -1    15304    15924  -1.0000  -1.0000  -1.0000  -1.0000
    31676882 fnpc5027.fnal.gov   AuthenticAMD  4600.06  760_2100  2751.110  1895.370     -1    28325    29246  -1.0000  -1.0000  -1.0000  -1.0000
    31676882 fnpc5016.fnal.gov   AuthenticAMD  4600.07  760_2100  2748.890  1951.820     -1    28654    29337  -1.0000  -1.0000  -1.0000  -1.0000
    31676882 fnpc5005.fnal.gov   AuthenticAMD  4600.06  760_2100  2749.550  1933.930     -1    28682    29867  -1.0000  -1.0000  -1.0000  -1.0000
    31676882 fnpc17124.fnal.gov  GenuineIntel  4605.53  760_2100  2750.480  1967.190     -1    11674    12645  -1.0000  -1.0000  -1.0000  -1.0000
    31676882 fnpc9070.fnal.gov   GenuineIntel  4800.07  760_2100  2748.930  1954.750     -1    13076    13821  -1.0000  -1.0000  -1.0000  -1.0000
    31676882 fnpc9008.fnal.gov   GenuineIntel  4799.31  760_2100  2751.190  1972.020     -1    12972    16123  -1.0000  -1.0000  -1.0000  -1.0000
    31676882 fnpc17122.fnal.gov  GenuineIntel  4605.59  760_2100  2750.840  1950.130     -1    11078    12449  -1.0000  -1.0000  -1.0000  -1.0000
    31676882 fnpc17132.fnal.gov  GenuineIntel  4605.25  760_2100  2751.100  1962.840     -1    15170    15732  -1.0000  -1.0000  -1.0000  -1.0000
    31676882 fnpc17149.fnal.gov  GenuineIntel  4605.33  760_2100  2748.100  1931.880     -1    13287    14372  -1.0000  -1.0000  -1.0000  -1.0000
    31676882 fnpc9109.fnal.gov   GenuineIntel  4799.31  760_2100  2749.210  1896.400     -1    14579    14896  -1.0000  -1.0000  -1.0000  -1.0000
    31676882 fnpc9037.fnal.gov   GenuineIntel  4799.32  760_2100  2749.380  1974.080     -1    13849    15315  -1.0000  -1.0000  -1.0000  -1.0000
    31676882 fnpc9013.fnal.gov   GenuineIntel  4800.47  760_2100  2751.650  1967.420     -1    14128    15573  -1.0000  -1.0000  -1.0000  -1.0000
    31676882 fnpc7004.fnal.gov   AuthenticAMD  4599.38  760_2100  2749.690  1901.290     -1    28732    29787  -1.0000  -1.0000  -1.0000  -1.0000
    31676882 fnpc9003.fnal.gov   GenuineIntel  4800.07  760_2100  2749.030  1950.900     -1    11655    16804  -1.0000  -1.0000  -1.0000  -1.0000
    31676882 fnpc9025.fnal.gov   GenuineIntel  4799.45  760_2100  2748.970  1949.380     -1    11720    14804  -1.0000  -1.0000  -1.0000  -1.0000
    31676882 fnpc9019.fnal.gov   GenuineIntel  4799.34  760_2100  2751.870  1972.990     -1    12444    13910  -1.0000  -1.0000  -1.0000  -1.0000
    31676882 fnpc9050.fnal.gov   GenuineIntel  4799.30  760_2100  2748.780  1964.340     -1    11725    13821  -1.0000  -1.0000  -1.0000  -1.0000
    31676882 fnpc6014.fnal.gov   AuthenticAMD  4599.43  760_2100  2750.220  1893.360     -1    29474    30331  -1.0000  -1.0000  -1.0000  -1.0000
    31676882 fnpc9042.fnal.gov   GenuineIntel  4799.34  760_2100  2750.220  1897.800     -1    12435    13062  -1.0000  -1.0000  -1.0000  -1.0000
    31676882 fnpc9058.fnal.gov   GenuineIntel  4799.73  760_2100  2741.970  1896.650     -1    13152    15382  -1.0000  -1.0000  -1.0000  -1.0000
    31676882 fnpc9054.fnal.gov   GenuineIntel  4799.30  760_2100  2749.490  1953.590     -1    15862    16817  -1.0000  -1.0000  -1.0000  -1.0000
    31676882 fnpc9052.fnal.gov   GenuineIntel  4799.32  760_2100  2749.400  1957.840     -1    12322    14046  -1.0000  -1.0000  -1.0000  -1.0000
    31676882 fnpc6018.fnal.gov   AuthenticAMD  4599.38  760_2100  2750.060  1904.140     -1    27464    28150  -1.0000  -1.0000  -1.0000  -1.0000
    31676882 fnpc7025.fnal.gov   AuthenticAMD  4600.71  760_2100  2750.990  1889.460     -1    28778    31043  -1.0000  -1.0000  -1.0000  -1.0000
    31676882 fnpc9001.fnal.gov   GenuineIntel  4799.31  760_2100  2750.580  1930.900     -1    15318    16485  -1.0000  -1.0000  -1.0000  -1.0000
    31676882 fnpc9009.fnal.gov   GenuineIntel  4800.06  760_2100  2750.650  1967.580     -1    13480    16261  -1.0000  -1.0000  -1.0000  -1.0000
    31676882 fnpc9033.fnal.gov   GenuineIntel  4799.72  760_2100  2747.850  1946.690     -1    11414    12473  -1.0000  -1.0000  -1.0000  -1.0000
    31676882 fnpc17148.fnal.gov  GenuineIntel  4606.12  760_2100  2750.880  1965.180     -1    10828    11096  -1.0000  -1.0000  -1.0000  -1.0000
    31676882 fnpc9010.fnal.gov   GenuineIntel  4800.48  760_2100  2748.250  1954.040     -1    11758    12191  -1.0000  -1.0000  -1.0000  -1.0000
    31676882 fnpc7016.fnal.gov   AuthenticAMD  4599.75  760_2100  2750.730  1902.480     -1    26880    29420  -1.0000  -1.0000  -1.0000  -1.0000
    31676882 fnpc19137.fnal.gov  AuthenticAMD  4999.92  760_2100  2748.040  1944.880     -1    10103    10561  -1.0000  -1.0000  -1.0000  -1.0000
    31676882 fnpc19106.fnal.gov  AuthenticAMD  4999.91  760_2100  2746.580  1945.160     -1    13030    13478  -1.0000  -1.0000  -1.0000  -1.0000
    31676882 fnpc19107.fnal.gov  AuthenticAMD  4999.99  760_2100  2747.490  1960.140     -1    10192    10546  -1.0000  -1.0000  -1.0000  -1.0000
    31676882 fnpc19128.fnal.gov  AuthenticAMD  4999.94  760_2100  2746.640  1894.990     -1    12523    12957  -1.0000  -1.0000  -1.0000  -1.0000
    31676882 fnpc19132.fnal.gov  AuthenticAMD  5000.83  760_2100  2749.680  1903.820     -1    12221    12564  -1.0000  -1.0000  -1.0000  -1.0000
    31676882 fnpc19113.fnal.gov  AuthenticAMD  4999.90  760_2100  2748.260  1908.590     -1    10954    11592  -1.0000  -1.0000  -1.0000  -1.0000
    31676882 fnpc19117.fnal.gov  AuthenticAMD  4999.90  760_2100  2748.230  1960.090     -1    11273    11879  -1.0000  -1.0000  -1.0000  -1.0000
    31676882 fnpc19123.fnal.gov  AuthenticAMD  4999.91  760_2100  2750.030  1913.670     -1    10967    11364  -1.0000  -1.0000  -1.0000  -1.0000
    31676882 fnpc19130.fnal.gov  AuthenticAMD  5000.04  760_2100  2748.520  1908.400     -1    10677    11585  -1.0000  -1.0000  -1.0000  -1.0000
    31676882 fnpc19125.fnal.gov  AuthenticAMD  5000.71  760_2100  2748.100  1896.300     -1    10695    10925  -1.0000  -1.0000  -1.0000  -1.0000
    31676882 fnpc19127.fnal.gov  AuthenticAMD  4999.91  760_2100  2749.170  1912.570     -1    10286    11021  -1.0000  -1.0000  -1.0000  -1.0000
    31676882 fnpc7021.fnal.gov   AuthenticAMD  4599.40  760_2100  2746.950  1884.010     -1    31125    34864  -1.0000  -1.0000  -1.0000  -1.0000
    31676882 fnpc19105.fnal.gov  AuthenticAMD  5000.72  760_2100  2750.150  1898.130     -1    10076    10273  -1.0000  -1.0000  -1.0000  -1.0000
    31676882 fnpc19139.fnal.gov  AuthenticAMD  5000.00  760_2100  2746.310  1908.970     -1    11029    11258  -1.0000  -1.0000  -1.0000  -1.0000
    31676882 fnpc5020.fnal.gov   AuthenticAMD  4600.08  760_2100  2750.280  1885.400     -1    28335    29235  -1.0000  -1.0000  -1.0000  -1.0000
    31676882 fnpc8208.fnal.gov   GenuineIntel  4605.81  760_2100  2747.420  1961.680     -1    16518    16808  -1.0000  -1.0000  -1.0000  -1.0000
    31676882 fnpc19109.fnal.gov  AuthenticAMD  4999.91  760_2100  2747.470  1948.140     -1     9909    10172  -1.0000  -1.0000  -1.0000  -1.0000
    31676882 fnpc19103.fnal.gov  AuthenticAMD  4999.90  760_2100  2750.170  1913.820     -1     9579     9694  -1.0000  -1.0000  -1.0000  -1.0000
    31676882 fnpc8024.fnal.gov   GenuineIntel  4605.46  760_2100  2748.430  1964.220     -1    14883    16359  -1.0000  -1.0000  -1.0000  -1.0000
    31676882 fnpc19135.fnal.gov  AuthenticAMD  4999.99  760_2100  2749.000  1896.060     -1    13708    13972  -1.0000  -1.0000  -1.0000  -1.0000
    31676882 fnpc19102.fnal.gov  AuthenticAMD  4999.98  760_2100  2750.780  1914.210     -1    10549    10750  -1.0000  -1.0000  -1.0000  -1.0000
    31676882 fnpc9102.fnal.gov   GenuineIntel  4799.30  760_2100  2750.220  1965.020     -1    16839    17198  -1.0000  -1.0000  -1.0000  -1.0000
    31676882 fnpc8013.fnal.gov   GenuineIntel  4605.73  760_2100  2748.800  1952.760     -1    15969    16770  -1.0000  -1.0000  -1.0000  -1.0000
    31676882 fnpc5005.fnal.gov   AuthenticAMD  4600.06  760_2100  2750.100  1950.490     -1    28355    29127  -1.0000  -1.0000  -1.0000  -1.0000
    31676882 fnpc17137.fnal.gov  GenuineIntel  4605.37  760_2100  2749.720  1961.680     -1    13373    13649  -1.0000  -1.0000  -1.0000  -1.0000
    31676882 fnpc9010.fnal.gov   GenuineIntel  4800.48  760_2100  2749.190  1959.550     -1    11636    12573  -1.0000  -1.0000  -1.0000  -1.0000
    31676882 fnpc19135.fnal.gov  AuthenticAMD  4999.99  760_2100  2748.140  1910.690     -1    13559    13915  -1.0000  -1.0000  -1.0000  -1.0000
    31676882 fnpc9042.fnal.gov   GenuineIntel  4799.34  760_2100  2749.310  1912.560     -1    12479    13113  -1.0000  -1.0000  -1.0000  -1.0000
    31676882 fnpc19102.fnal.gov  AuthenticAMD  4999.98  760_2100  2748.500  1907.960     -1    10541    11408  -1.0000  -1.0000  -1.0000  -1.0000
    31676882 fnpc19132.fnal.gov  AuthenticAMD  5000.83  760_2100  2749.440  1961.930     -1    10619    10922  -1.0000  -1.0000  -1.0000  -1.0000
    31676882 fnpc19113.fnal.gov  AuthenticAMD  4999.90  760_2100  2749.630  1912.270     -1    10869    11000  -1.0000  -1.0000  -1.0000  -1.0000
    31676882 fnpc19109.fnal.gov  AuthenticAMD  4999.91  760_2100  2748.350  1963.350     -1     9933    10047  -1.0000  -1.0000  -1.0000  -1.0000
    31676882 fnpc19128.fnal.gov  AuthenticAMD  4999.94  760_2100  2750.620  1899.090     -1    12464    12675  -1.0000  -1.0000  -1.0000  -1.0000
    31676882 fnpc19127.fnal.gov  AuthenticAMD  4999.91  760_2100  2747.450  1910.110     -1    10181    10443  -1.0000  -1.0000  -1.0000  -1.0000
    31676882 fnpc19103.fnal.gov  AuthenticAMD  4999.90  760_2100  2752.290  1900.840     -1     9577     9700  -1.0000  -1.0000  -1.0000  -1.0000
    31676882 fnpc19135.fnal.gov  AuthenticAMD  4999.99  760_2100  2749.110  1912.730     -1    13590    13858  -1.0000  -1.0000  -1.0000  -1.0000
    31676882 fnpc17137.fnal.gov  GenuineIntel  4605.37  760_2100  2748.440  1957.980     -1    13256    13514  -1.0000  -1.0000  -1.0000  -1.0000
    31676882 fnpc17132.fnal.gov  GenuineIntel  4605.25  760_2100  2747.020  1945.830     -1    14852    16071  -1.0000  -1.0000  -1.0000  -1.0000
    31676882 fnpc9019.fnal.gov   GenuineIntel  4799.34  760_2100  2749.230  1957.530     -1    12410    14088  -1.0000  -1.0000  -1.0000  -1.0000
    31676882 fnpc19130.fnal.gov  AuthenticAMD  5000.04  760_2100  2751.400  1915.370     -1    10564    10840  -1.0000  -1.0000  -1.0000  -1.0000
    31676882 fnpc19135.fnal.gov  AuthenticAMD  4999.99  760_2100  2749.090  1911.870     -1    13648    13917  -1.0000  -1.0000  -1.0000  -1.0000
    31676882 fnpc7025.fnal.gov   AuthenticAMD  4600.71  760_2100  2748.400  1897.110     -1    28405    30565  -1.0000  -1.0000  -1.0000  -1.0000
    31676882 fnpc19105.fnal.gov  AuthenticAMD  5000.72  760_2100  2748.940  1912.050     -1    10153    10612  -1.0000  -1.0000  -1.0000  -1.0000
    31676882 fnpc19139.fnal.gov  AuthenticAMD  5000.00  760_2100  2746.880  1905.860     -1    12300    12571  -1.0000  -1.0000  -1.0000  -1.0000
    31676882 fnpc19102.fnal.gov  AuthenticAMD  4999.98  760_2100  2746.620  1909.700     -1    10320    11006  -1.0000  -1.0000  -1.0000  -1.0000
    31676882 fnpc19128.fnal.gov  AuthenticAMD  4999.94  760_2100  2747.170  1894.720     -1    11820    12011  -1.0000  -1.0000  -1.0000  -1.0000
    31676882 fnpc19113.fnal.gov  AuthenticAMD  4999.90  760_2100  2752.190  1911.320     -1    12151    12466  -1.0000  -1.0000  -1.0000  -1.0000
    31676882 fnpc19135.fnal.gov  AuthenticAMD  4999.99  760_2100  2747.960  1907.430     -1    13682    14176  -1.0000  -1.0000  -1.0000  -1.0000
    31676882 fnpc9037.fnal.gov   GenuineIntel  4799.32  760_2100  2749.480  1955.560     -1    13372    15008  -1.0000  -1.0000  -1.0000  -1.0000
    31676882 fnpc19135.fnal.gov  AuthenticAMD  4999.99  760_2100  2748.660  1895.790     -1    13616    13987  -1.0000  -1.0000  -1.0000  -1.0000
    31676882 fnpc19137.fnal.gov  AuthenticAMD  4999.92  760_2100  2751.300  1915.200     -1    11463    11896  -1.0000  -1.0000  -1.0000  -1.0000
    31676882 fnpc9009.fnal.gov   GenuineIntel  4800.06  760_2100  2751.080  1956.590     -1    13617    15855  -1.0000  -1.0000  -1.0000  -1.0000
    31676882 fnpc19135.fnal.gov  AuthenticAMD  4999.99  760_2100  2746.560  1894.380     -1    13620    13898  -1.0000  -1.0000  -1.0000  -1.0000
    31676882 fnpc19102.fnal.gov  AuthenticAMD  4999.98  760_2100  2748.210  1911.060     -1    10277    10456  -1.0000  -1.0000  -1.0000  -1.0000
    31676882 fnpc9013.fnal.gov   GenuineIntel  4800.47  760_2100  2750.710  1951.440     -1    14283    15608  -1.0000  -1.0000  -1.0000  -1.0000
    31676882 fnpc19128.fnal.gov  AuthenticAMD  4999.94  760_2100  2744.770  1893.700     -1    12071    12526  -1.0000  -1.0000  -1.0000  -1.0000
    31676882 fnpc19135.fnal.gov  AuthenticAMD  4999.99  760_2100  2746.790  1889.530     -1    12714    12955  -1.0000  -1.0000  -1.0000  -1.0000
    31676882 fnpc19105.fnal.gov  AuthenticAMD  5000.72  760_2100  2751.660  1914.270     -1    10114    10481  -1.0000  -1.0000  -1.0000  -1.0000
    31676882 fnpc17132.fnal.gov  GenuineIntel  4605.25  760_2100  2748.940  1966.270     -1    15309    15801  -1.0000  -1.0000  -1.0000  -1.0000
    31676882 fnpc19139.fnal.gov  AuthenticAMD  5000.00  760_2100  2746.660  1894.940     -1    11064    11339  -1.0000  -1.0000  -1.0000  -1.0000
    31676882 fnpc9033.fnal.gov   GenuineIntel  4799.72  760_2100  2750.120  1971.430     -1    11532    12788  -1.0000  -1.0000  -1.0000  -1.0000
    31676882 fnpc17137.fnal.gov  GenuineIntel  4605.37  760_2100  2746.310  1946.150     -1    13009    13553  -1.0000  -1.0000  -1.0000  -1.0000
    31676882 fnpc9058.fnal.gov   GenuineIntel  4799.73  760_2100  2750.710  1958.870     -1    12946    15025  -1.0000  -1.0000  -1.0000  -1.0000
    31676882 fnpc19128.fnal.gov  AuthenticAMD  4999.94  760_2100  2747.600  1911.140     -1    12437    12623  -1.0000  -1.0000  -1.0000  -1.0000
    31676882 fnpc19135.fnal.gov  AuthenticAMD  4999.99  760_2100  2751.200  1913.290     -1    13638    13918  -1.0000  -1.0000  -1.0000  -1.0000
    31676882 fnpc19135.fnal.gov  AuthenticAMD  4999.99  760_2100  2751.030  1898.930     -1    13593    13904  -1.0000  -1.0000  -1.0000  -1.0000
    31676882 fnpc19102.fnal.gov  AuthenticAMD  4999.98  760_2100  2750.040  1913.840     -1    10285    10383  -1.0000  -1.0000  -1.0000  -1.0000
    31676882 fnpc9008.fnal.gov   GenuineIntel  4799.31  760_2100  2749.240  1958.940     -1    13391    16530  -1.0000  -1.0000  -1.0000  -1.0000
    31676882 fnpc19128.fnal.gov  AuthenticAMD  4999.94  760_2100  2747.880  1896.650     -1    12456    12947  -1.0000  -1.0000  -1.0000  -1.0000
    31676882 fnpc19135.fnal.gov  AuthenticAMD  4999.99  760_2100  2750.110  1912.930     -1    13710    13994  -1.0000  -1.0000  -1.0000  -1.0000
    31676882 fnpc9042.fnal.gov   GenuineIntel  4799.34  760_2100  2749.620  1897.810     -1    12429    13059  -1.0000  -1.0000  -1.0000  -1.0000
    31676882 fnpc9013.fnal.gov   GenuineIntel  4800.47  760_2100  2747.240  1948.920     -1    13883    15150  -1.0000  -1.0000  -1.0000  -1.0000
    31676882 fnpc19105.fnal.gov  AuthenticAMD  5000.72  760_2100  2748.880  1911.010     -1    10162    11105  -1.0000  -1.0000  -1.0000  -1.0000
    31676882 fnpc17132.fnal.gov  GenuineIntel  4605.25  760_2100  2749.130  1951.160     -1    15415    16142  -1.0000  -1.0000  -1.0000  -1.0000
    31676882 fnpc19135.fnal.gov  AuthenticAMD  4999.99  760_2100  2751.460  1898.320     -1    13682    13929  -1.0000  -1.0000  -1.0000  -1.0000
    31676882 fnpc19139.fnal.gov  AuthenticAMD  5000.00  760_2100  2748.610  1906.700     -1    12401    12738  -1.0000  -1.0000  -1.0000  -1.0000
    31676882 fnpc8026.fnal.gov   GenuineIntel  4611.95  760_2100  2748.430  1950.540     -1    14623    16247  -1.0000  -1.0000  -1.0000  -1.0000
    31676882 fnpc19135.fnal.gov  AuthenticAMD  4999.99  760_2100  2749.490  1893.540     -1    13510    14514  -1.0000  -1.0000  -1.0000  -1.0000
    31676882 fnpc19102.fnal.gov  AuthenticAMD  4999.98  760_2100  2747.480  1896.330     -1    10275    10462  -1.0000  -1.0000  -1.0000  -1.0000
    31676882 fnpc9058.fnal.gov   GenuineIntel  4799.73  760_2100  2748.070  1968.910     -1    12949    14938  -1.0000  -1.0000  -1.0000  -1.0000
    31676882 fnpc19135.fnal.gov  AuthenticAMD  4999.99  760_2100  2749.420  1912.470     -1    13600    14076  -1.0000  -1.0000  -1.0000  -1.0000
    31676882 fnpc19135.fnal.gov  AuthenticAMD  4999.99  760_2100  2747.720  1895.730     -1    12608    13332  -1.0000  -1.0000  -1.0000  -1.0000
    31676882 fnpc19139.fnal.gov  AuthenticAMD  5000.00  760_2100  2749.320  1912.570     -1    11149    11611  -1.0000  -1.0000  -1.0000  -1.0000
    31676882 fnpc7006.fnal.gov   AuthenticAMD  4599.39  760_2100  2746.830  1929.830     -1    29207    31288  -1.0000  -1.0000  -1.0000  -1.0000
    31676882 fnpc9008.fnal.gov   GenuineIntel  4799.31  760_2100  2749.960  1969.190     -1    12933    16116  -1.0000  -1.0000  -1.0000  -1.0000
    31676882 fnpc7016.fnal.gov   AuthenticAMD  4599.75  760_2100  2752.690  1908.260     -1    25988    28151  -1.0000  -1.0000  -1.0000  -1.0000
    31676882 fnpc8025.fnal.gov   GenuineIntel  4605.83  760_2100  2748.790  1950.510     -1    15794    16857  -1.0000  -1.0000  -1.0000  -1.0000
    31676882 fnpc19102.fnal.gov  AuthenticAMD  4999.98  760_2100  2748.660  1896.390     -1    10611    10744  -1.0000  -1.0000  -1.0000  -1.0000
    31676882 fnpc19139.fnal.gov  AuthenticAMD  5000.00  760_2100  2748.330  1911.870     -1    11202    12055  -1.0000  -1.0000  -1.0000  -1.0000
    31676882 fnpc19102.fnal.gov  AuthenticAMD  4999.98  760_2100  2749.590  1912.250     -1    10570    10926  -1.0000  -1.0000  -1.0000  -1.0000
    31676882 fnpc8006.fnal.gov   GenuineIntel  4606.37  760_2100  2750.000  1952.510     -1    16094    19074  -1.0000  -1.0000  -1.0000  -1.0000
    31676882 fnpc17128.fnal.gov  GenuineIntel  4605.64  760_2100  2747.830  1961.700     -1    10874    13143  -1.0000  -1.0000  -1.0000  -1.0000
    31676882 fnpc19139.fnal.gov  AuthenticAMD  5000.00  760_2100  2750.780  1896.330     -1    12457    13281  -1.0000  -1.0000  -1.0000  -1.0000
    31676882 fnpc8014.fnal.gov   GenuineIntel  4605.44  760_2100  2749.530  1967.570     -1    15395    16410  -1.0000  -1.0000  -1.0000  -1.0000
    31676882 fnpc19139.fnal.gov  AuthenticAMD  5000.00  760_2100  2747.020  1910.780     -1    11097    11391  -1.0000  -1.0000  -1.0000  -1.0000
    31676882 fnpc17120.fnal.gov  GenuineIntel  4605.56  760_2100  2750.790  1960.120     -1    14923    15820  -1.0000  -1.0000  -1.0000  -1.0000
    31676882 fnpc17152.fnal.gov  GenuineIntel  4605.55  760_2100  2746.910  1947.820     -1    10785    12713  -1.0000  -1.0000  -1.0000  -1.0000
    31676882 fnpc19139.fnal.gov  AuthenticAMD  5000.00  760_2100  2751.300  1910.930     -1    12324    12627  -1.0000  -1.0000  -1.0000  -1.0000
    31676882 fnpc19102.fnal.gov  AuthenticAMD  4999.98  760_2100  2749.710  1912.120     -1    10344    10591  -1.0000  -1.0000  -1.0000  -1.0000
    31676882 fnpc9058.fnal.gov   GenuineIntel  4799.73  760_2100  2748.210  1955.610     -1    13170    15548  -1.0000  -1.0000  -1.0000  -1.0000
    31676882 fnpc19102.fnal.gov  AuthenticAMD  4999.98  760_2100  2750.140  1898.480     -1    10574    10733  -1.0000  -1.0000  -1.0000  -1.0000
    31676882 fnpc19139.fnal.gov  AuthenticAMD  5000.00  760_2100  2749.380  1906.910     -1    12353    12769  -1.0000  -1.0000  -1.0000  -1.0000
    31676882 fnpc19102.fnal.gov  AuthenticAMD  4999.98  760_2100  2748.550  1896.190     -1    10294    10845  -1.0000  -1.0000  -1.0000  -1.0000
    31676882 fnpc19102.fnal.gov  AuthenticAMD  4999.98  760_2100  2752.520  1915.620     -1    10271    10478  -1.0000  -1.0000  -1.0000  -1.0000
    31676882 fnpc9058.fnal.gov   GenuineIntel  4799.73  760_2100  2747.470  1962.630     -1    13134    15478  -1.0000  -1.0000  -1.0000  -1.0000
    31676882 fnpc7024.fnal.gov   AuthenticAMD  4599.36  760_2100  2750.320  1902.130     -1    27905    30728  -1.0000  -1.0000  -1.0000  -1.0000
    31676882 fnpc17159.fnal.gov  GenuineIntel  4605.44  760_2100  2749.760  1915.070     -1    16878    18122  -1.0000  -1.0000  -1.0000  -1.0000
    31676882 fnpc9065.fnal.gov   GenuineIntel  4799.32  760_2100  2747.310  1938.770     -1    13557    15073  -1.0000  -1.0000  -1.0000  -1.0000
    31676882 fnpc17147.fnal.gov  GenuineIntel  4605.95  760_2100  2750.160  1942.970     -1    14158    14651  -1.0000  -1.0000  -1.0000  -1.0000
    31676882 fnpc5001.fnal.gov   AuthenticAMD  4600.07  760_2100  2746.400  1882.790     -1    28322    29656  -1.0000  -1.0000  -1.0000  -1.0000
    31676882 fnpc17109.fnal.gov  GenuineIntel  4605.66  760_2100  2747.540  1947.840     -1    11532    13547  -1.0000  -1.0000  -1.0000  -1.0000
    31676882 fnpc17129.fnal.gov  GenuineIntel  4605.70  760_2100  2747.040  1895.150     -1    15445    15809  -1.0000  -1.0000  -1.0000  -1.0000
    31676882 fnpc17145.fnal.gov  GenuineIntel  4605.71  760_2100  2746.670  1931.390     -1    13402    15627  -1.0000  -1.0000  -1.0000  -1.0000
    31676882 fnpc6027.fnal.gov   AuthenticAMD  4599.76  760_2100  2749.210  1900.690     -1    27300    27854  -1.0000  -1.0000  -1.0000  -1.0000
    31676882 fnpc9075.fnal.gov   GenuineIntel  4799.72  760_2100  2748.970  1958.210     -1    11346    13724  -1.0000  -1.0000  -1.0000  -1.0000
    31676882 fnpc6003.fnal.gov   AuthenticAMD  4599.39  760_2100  2751.050  1941.840     -1    27809    28877  -1.0000  -1.0000  -1.0000  -1.0000
    31676882 fnpc17104.fnal.gov  GenuineIntel  4605.73  760_2100  2750.240  1954.350     -1    12999    14449  -1.0000  -1.0000  -1.0000  -1.0000
    31676882 fnpc9078.fnal.gov   GenuineIntel  4799.31  760_2100  2750.140  1973.440     -1    12578    15432  -1.0000  -1.0000  -1.0000  -1.0000
    31676882 fnpc17115.fnal.gov  GenuineIntel  4605.50  760_2100  2748.660  1958.380     -1    15066    15474  -1.0000  -1.0000  -1.0000  -1.0000
    31676882 fnpc7008.fnal.gov   AuthenticAMD  4599.38  760_2100  2747.680  1936.490     -1    29174    32203  -1.0000  -1.0000  -1.0000  -1.0000
    31676882 fnpc6031.fnal.gov   AuthenticAMD  4599.39  760_2100  2748.240  1928.950     -1    29785    31437  -1.0000  -1.0000  -1.0000  -1.0000
    31676882 fnpc9038.fnal.gov   GenuineIntel  4799.71  760_2100  2752.070  1965.350     -1    11647    12765  -1.0000  -1.0000  -1.0000  -1.0000
    31676882 fnpc9031.fnal.gov   GenuineIntel  4799.72  760_2100  2751.100  1898.760     -1    11580    12341  -1.0000  -1.0000  -1.0000  -1.0000
    31676882 fnpc7028.fnal.gov   AuthenticAMD  4599.41  760_2100  2749.700  1930.980     -1    28334    30312  -1.0000  -1.0000  -1.0000  -1.0000
    31676882 fnpc9057.fnal.gov   GenuineIntel  4799.71  760_2100  2749.400  1961.140     -1    12139    12825  -1.0000  -1.0000  -1.0000  -1.0000
    31676882 fnpc19104.fnal.gov  AuthenticAMD  4999.91  760_2100  2750.250  1958.010     -1    11629    11879  -1.0000  -1.0000  -1.0000  -1.0000
    31676882 fnpc9049.fnal.gov   GenuineIntel  4799.31  760_2100  2752.110  1974.230     -1    11677    12191  -1.0000  -1.0000  -1.0000  -1.0000
    31676882 fnpc17113.fnal.gov  GenuineIntel  4605.33  760_2100  2747.210  1943.430     -1    11269    11861  -1.0000  -1.0000  -1.0000  -1.0000
    31676882 fnpc8202.fnal.gov   GenuineIntel  4606.09  760_2100  2750.710  1947.430     -1    15382    15683  -1.0000  -1.0000  -1.0000  -1.0000
    31676882 fnpc19142.fnal.gov  AuthenticAMD  4999.99  760_2100  2747.150  1957.270     -1    10987    11279  -1.0000  -1.0000  -1.0000  -1.0000
    31676882 fnpc19101.fnal.gov  AuthenticAMD  4999.94  760_2100  2748.420  1949.420     -1    13212    13443  -1.0000  -1.0000  -1.0000  -1.0000
    31676882 fnpc19124.fnal.gov  AuthenticAMD  4999.98  760_2100  2749.040  1944.400     -1    10589    10944  -1.0000  -1.0000  -1.0000  -1.0000
    31676882 fnpc19138.fnal.gov  AuthenticAMD  5000.79  760_2100  2747.440  1958.430     -1    10649    10815  -1.0000  -1.0000  -1.0000  -1.0000
    31676882 fnpc19130.fnal.gov  AuthenticAMD  5000.04  760_2100  2752.790  1962.840     -1     9818    10119  -1.0000  -1.0000  -1.0000  -1.0000
    31676882 fnpc19140.fnal.gov  AuthenticAMD  4999.99  760_2100  2747.080  1955.620     -1    10616    10808  -1.0000  -1.0000  -1.0000  -1.0000
    31676882 fnpc19133.fnal.gov  AuthenticAMD  4999.91  760_2100  2747.910  1910.430     -1     9559    10176  -1.0000  -1.0000  -1.0000  -1.0000
    31676882 fnpc19108.fnal.gov  AuthenticAMD  5000.00  760_2100  2749.220  1946.430     -1    10269    10430  -1.0000  -1.0000  -1.0000  -1.0000
    31676882 fnpc19135.fnal.gov  AuthenticAMD  4999.99  760_2100  2748.000  1910.370     -1    12617    12843  -1.0000  -1.0000  -1.0000  -1.0000
    31676882 fnpc8025.fnal.gov   GenuineIntel  4605.83  760_2100  2748.950  1964.870     -1    15184    16186  -1.0000  -1.0000  -1.0000  -1.0000
    31676882 fnpc5001.fnal.gov   AuthenticAMD  4600.07  760_2100  2749.940  1883.150     -1    28146    28830  -1.0000  -1.0000  -1.0000  -1.0000
    31676882 fnpc6027.fnal.gov   AuthenticAMD  4599.76  760_2100  2747.690  1887.600     -1    28334    28748  -1.0000  -1.0000  -1.0000  -1.0000
    31676882 fnpc19124.fnal.gov  AuthenticAMD  4999.98  760_2100  2749.160  1952.040     -1    10672    10802  -1.0000  -1.0000  -1.0000  -1.0000
    31676882 fnpc19133.fnal.gov  AuthenticAMD  4999.91  760_2100  2751.010  1899.270     -1     9857    10184  -1.0000  -1.0000  -1.0000  -1.0000
    31676882 fnpc19140.fnal.gov  AuthenticAMD  4999.99  760_2100  2749.770  1963.550     -1    10093    11013  -1.0000  -1.0000  -1.0000  -1.0000
    31676882 fnpc17113.fnal.gov  GenuineIntel  4605.33  760_2100  2748.990  1951.720     -1    11681    12371  -1.0000  -1.0000  -1.0000  -1.0000
    31676882 fnpc19130.fnal.gov  AuthenticAMD  5000.04  760_2100  2751.950  1950.310     -1     9864     9976  -1.0000  -1.0000  -1.0000  -1.0000
    31676882 fnpc19108.fnal.gov  AuthenticAMD  5000.00  760_2100  2750.710  1963.250     -1    10328    10764  -1.0000  -1.0000  -1.0000  -1.0000
    31676882 fnpc8014.fnal.gov   GenuineIntel  4605.44  760_2100  2746.900  1970.270     -1    15193    16341  -1.0000  -1.0000  -1.0000  -1.0000
    31676882 fnpc19133.fnal.gov  AuthenticAMD  4999.91  760_2100  2749.600  1912.890     -1     9558     9770  -1.0000  -1.0000  -1.0000  -1.0000
    31676882 fnpc19101.fnal.gov  AuthenticAMD  4999.94  760_2100  2750.350  1967.050     -1    13230    13546  -1.0000  -1.0000  -1.0000  -1.0000
    31676882 fnpc19135.fnal.gov  AuthenticAMD  4999.99  760_2100  2747.490  1895.310     -1    13647    13961  -1.0000  -1.0000  -1.0000  -1.0000
    31676882 fnpc6031.fnal.gov   AuthenticAMD  4599.39  760_2100  2752.140  1934.710     -1    27957    29377  -1.0000  -1.0000  -1.0000  -1.0000
    31676882 fnpc19138.fnal.gov  AuthenticAMD  5000.79  760_2100  2750.910  1968.280     -1    10597    11189  -1.0000  -1.0000  -1.0000  -1.0000
    31676882 fnpc19142.fnal.gov  AuthenticAMD  4999.99  760_2100  2748.610  1899.120     -1    12224    12538  -1.0000  -1.0000  -1.0000  -1.0000
    31676882 fnpc19104.fnal.gov  AuthenticAMD  4999.91  760_2100  2747.810  1947.950     -1    11725    11932  -1.0000  -1.0000  -1.0000  -1.0000
    31676882 fnpc19140.fnal.gov  AuthenticAMD  4999.99  760_2100  2748.720  1962.340     -1    10623    10827  -1.0000  -1.0000  -1.0000  -1.0000
    31676882 fnpc19108.fnal.gov  AuthenticAMD  5000.00  760_2100  2749.660  1962.380     -1    10292    10887  -1.0000  -1.0000  -1.0000  -1.0000
    31676882 fnpc17104.fnal.gov  GenuineIntel  4605.73  760_2100  2749.590  1950.550     -1    14013    15294  -1.0000  -1.0000  -1.0000  -1.0000
    31676882 fnpc19135.fnal.gov  AuthenticAMD  4999.99  760_2100  2746.450  1894.450     -1    12619    13019  -1.0000  -1.0000  -1.0000  -1.0000
    31676882 fnpc9078.fnal.gov   GenuineIntel  4799.31  760_2100  2748.350  1972.130     -1    12321    14753  -1.0000  -1.0000  -1.0000  -1.0000
    31676882 fnpc19142.fnal.gov  AuthenticAMD  4999.99  760_2100  2748.350  1962.440     -1    10982    11276  -1.0000  -1.0000  -1.0000  -1.0000
    31676882 fnpc9049.fnal.gov   GenuineIntel  4799.31  760_2100  2747.530  1957.700     -1    11807    12135  -1.0000  -1.0000  -1.0000  -1.0000
    31676882 fnpc19108.fnal.gov  AuthenticAMD  5000.00  760_2100  2748.460  1946.020     -1    10091    10759  -1.0000  -1.0000  -1.0000  -1.0000
    31676882 fnpc19135.fnal.gov  AuthenticAMD  4999.99  760_2100  2747.290  1894.980     -1    12699    13184  -1.0000  -1.0000  -1.0000  -1.0000
    31676882 fnpc9078.fnal.gov   GenuineIntel  4799.31  760_2100  2750.100  1960.510     -1    12581    15398  -1.0000  -1.0000  -1.0000  -1.0000
    31676882 fnpc6031.fnal.gov   AuthenticAMD  4599.39  760_2100  2749.830  1951.030     -1    29729    31064  -1.0000  -1.0000  -1.0000  -1.0000
    31676882 fnpc19140.fnal.gov  AuthenticAMD  4999.99  760_2100  2750.910  1964.730     -1    10701    10858  -1.0000  -1.0000  -1.0000  -1.0000
    31676882 fnpc9031.fnal.gov   GenuineIntel  4799.72  760_2100  2748.560  1896.860     -1    11576    12257  -1.0000  -1.0000  -1.0000  -1.0000
    31676882 fnpc19142.fnal.gov  AuthenticAMD  4999.99  760_2100  2750.690  1975.710     -1    10952    11191  -1.0000  -1.0000  -1.0000  -1.0000
    31676882 fnpc19135.fnal.gov  AuthenticAMD  4999.99  760_2100  2748.970  1911.640     -1    12656    13406  -1.0000  -1.0000  -1.0000  -1.0000
    31676882 fnpc19140.fnal.gov  AuthenticAMD  4999.99  760_2100  2750.550  1949.350     -1    10111    10298  -1.0000  -1.0000  -1.0000  -1.0000
    31676882 fnpc19108.fnal.gov  AuthenticAMD  5000.00  760_2100  2749.680  1962.180     -1    10297    10483  -1.0000  -1.0000  -1.0000  -1.0000
    31676882 fnpc6031.fnal.gov   AuthenticAMD  4599.39  760_2100  2746.360  1944.320     -1    27724    30260  -1.0000  -1.0000  -1.0000  -1.0000
    31676882 fnpc19142.fnal.gov  AuthenticAMD  4999.99  760_2100  2750.100  1971.590     -1    11005    11312  -1.0000  -1.0000  -1.0000  -1.0000
    31676882 fnpc19135.fnal.gov  AuthenticAMD  4999.99  760_2100  2748.600  1907.580     -1    13670    14073  -1.0000  -1.0000  -1.0000  -1.0000
    31676882 fnpc9057.fnal.gov   GenuineIntel  4799.71  760_2100  2748.960  1947.280     -1    12129    12908  -1.0000  -1.0000  -1.0000  -1.0000
    31676882 fnpc19140.fnal.gov  AuthenticAMD  4999.99  760_2100  2750.470  1916.090     -1    10141    13134  -1.0000  -1.0000  -1.0000  -1.0000
    31676882 fnpc19108.fnal.gov  AuthenticAMD  5000.00  760_2100  2750.310  1961.960     -1     9978    10232  -1.0000  -1.0000  -1.0000  -1.0000
    31676882 fnpc19135.fnal.gov  AuthenticAMD  4999.99  760_2100  2748.920  1892.810     -1    13665    14089  -1.0000  -1.0000  -1.0000  -1.0000
    31676882 fnpc19135.fnal.gov  AuthenticAMD  4999.99  760_2100  2753.350  1915.870     -1    12717    12974  -1.0000  -1.0000  -1.0000  -1.0000
    31676882 fnpc19140.fnal.gov  AuthenticAMD  4999.99  760_2100  2750.880  1950.210     -1    10649    10938  -1.0000  -1.0000  -1.0000  -1.0000
    31676882 fnpc19108.fnal.gov  AuthenticAMD  5000.00  760_2100  2749.650  1962.630     -1    10017    10161  -1.0000  -1.0000  -1.0000  -1.0000
    31676882 fnpc6031.fnal.gov   AuthenticAMD  4599.39  760_2100  2748.910  1938.610     -1    29399    31882  -1.0000  -1.0000  -1.0000  -1.0000
    31676882 fnpc19135.fnal.gov  AuthenticAMD  4999.99  760_2100  2749.260  1897.060     -1    12601    12828  -1.0000  -1.0000  -1.0000  -1.0000
    31676882 fnpc19108.fnal.gov  AuthenticAMD  5000.00  760_2100  2749.640  1948.370     -1    10426    10574  -1.0000  -1.0000  -1.0000  -1.0000
    31676882 fnpc19140.fnal.gov  AuthenticAMD  4999.99  760_2100  2746.610  1946.390     -1    10040    10190  -1.0000  -1.0000  -1.0000  -1.0000
    31676882 fnpc6031.fnal.gov   AuthenticAMD  4599.39  760_2100  2749.530  1930.830     -1    29850    31350  -1.0000  -1.0000  -1.0000  -1.0000
    31676882 fnpc19135.fnal.gov  AuthenticAMD  4999.99  760_2100  2746.100  1890.760     -1    13548    13945  -1.0000  -1.0000  -1.0000  -1.0000
    31676882 fnpc19108.fnal.gov  AuthenticAMD  5000.00  760_2100  2749.560  1963.230     -1    10427    10779  -1.0000  -1.0000  -1.0000  -1.0000
    31676882 fnpc19135.fnal.gov  AuthenticAMD  4999.99  760_2100  2749.960  1897.650     -1    12694    13119  -1.0000  -1.0000  -1.0000  -1.0000
    31676882 fnpc19140.fnal.gov  AuthenticAMD  4999.99  760_2100  2749.420  1951.070     -1    10096    10311  -1.0000  -1.0000  -1.0000  -1.0000
    31676882 fnpc6031.fnal.gov   AuthenticAMD  4599.39  760_2100  2748.280  1948.950     -1    29803    31601  -1.0000  -1.0000  -1.0000  -1.0000
    31676882 fnpc19108.fnal.gov  AuthenticAMD  5000.00  760_2100  2747.670  1961.680     -1    10015    10327  -1.0000  -1.0000  -1.0000  -1.0000
    31676882 fnpc19135.fnal.gov  AuthenticAMD  4999.99  760_2100  2749.210  1893.790     -1    13687    13918  -1.0000  -1.0000  -1.0000  -1.0000
    31676882 fnpc19140.fnal.gov  AuthenticAMD  4999.99  760_2100  2748.650  1963.340     -1    10624    10842  -1.0000  -1.0000  -1.0000  -1.0000
    31676882 fnpc19135.fnal.gov  AuthenticAMD  4999.99  760_2100  2752.760  1914.860     -1    12738    13160  -1.0000  -1.0000  -1.0000  -1.0000
    31676882 fnpc19108.fnal.gov  AuthenticAMD  5000.00  760_2100  2751.680  1952.490     -1    10319    10967  -1.0000  -1.0000  -1.0000  -1.0000
    31676882 fnpc19135.fnal.gov  AuthenticAMD  4999.99  760_2100  2748.670  1911.980     -1    12595    12880  -1.0000  -1.0000  -1.0000  -1.0000
    31676882 fnpc19108.fnal.gov  AuthenticAMD  5000.00  760_2100  2750.070  1968.710     -1     9994    10144  -1.0000  -1.0000  -1.0000  -1.0000
    31676882 fnpc19135.fnal.gov  AuthenticAMD  4999.99  760_2100  2748.450  1897.050     -1    12751    13056  -1.0000  -1.0000  -1.0000  -1.0000
    31676882 fnpc19135.fnal.gov  AuthenticAMD  4999.99  760_2100  2748.440  1912.070     -1    12677    13094  -1.0000  -1.0000  -1.0000  -1.0000
    31676882 fnpc19108.fnal.gov  AuthenticAMD  5000.00  760_2100  2748.590  1973.740     -1    10012    10223  -1.0000  -1.0000  -1.0000  -1.0000
    31676882 fnpc19135.fnal.gov  AuthenticAMD  4999.99  760_2100  2748.780  1893.490     -1    13670    13959  -1.0000  -1.0000  -1.0000  -1.0000
    31676882 fnpc19135.fnal.gov  AuthenticAMD  4999.99  760_2100  2751.680  1900.170     -1    12670    13110  -1.0000  -1.0000  -1.0000  -1.0000
    31676882 fnpc19135.fnal.gov  AuthenticAMD  4999.99  760_2100  2749.190  1892.830     -1    13627    13858  -1.0000  -1.0000  -1.0000  -1.0000
    31676882 fnpc19135.fnal.gov  AuthenticAMD  4999.99  760_2100  2747.680  1911.110     -1    12701    12933  -1.0000  -1.0000  -1.0000  -1.0000
    31676882 fnpc19135.fnal.gov  AuthenticAMD  4999.99  760_2100  2750.460  1913.570     -1    12698    13454  -1.0000  -1.0000  -1.0000  -1.0000
    31676882 fnpc19135.fnal.gov  AuthenticAMD  4999.99  760_2100  2749.160  1908.930     -1    13555    14303  -1.0000  -1.0000  -1.0000  -1.0000
    31676882 fnpc8205.fnal.gov   GenuineIntel  4605.61  760_2100  2749.190  1950.470     -1    14747    15069  -1.0000  -1.0000  -1.0000  -1.0000
    31676882 fnpc8017.fnal.gov   GenuineIntel  4605.34  760_2100  2752.570  1962.560     -1    15917    16440  -1.0000  -1.0000  -1.0000  -1.0000
    31676882 fnpc8004.fnal.gov   GenuineIntel  4605.58  760_2100  2748.180  1961.530     -1    15314    18001  -1.0000  -1.0000  -1.0000  -1.0000
    31676882 fnpc17103.fnal.gov  GenuineIntel  4606.39  760_2100  2747.010  1947.620     -1    14608    15265  -1.0000  -1.0000  -1.0000  -1.0000
    31676882 fnpc7207.fnal.gov   GenuineIntel  4605.76  760_2100  2747.410  1945.950     -1    16149    16445  -1.0000  -1.0000  -1.0000  -1.0000
    31676882 fnpc8015.fnal.gov   GenuineIntel  4605.92  760_2100  2750.740  1950.310     -1    16776    17692  -1.0000  -1.0000  -1.0000  -1.0000
    31676882 fnpc17130.fnal.gov  GenuineIntel  4605.69  760_2100  2750.590  1958.770     -1    15475    16634  -1.0000  -1.0000  -1.0000  -1.0000
    31676882 fnpc9108.fnal.gov   GenuineIntel  4799.72  760_2100  2750.640  1959.020     -1    16785    17206  -1.0000  -1.0000  -1.0000  -1.0000
    31676882 fnpc9107.fnal.gov   GenuineIntel  4799.33  760_2100  2750.320  1921.340     -1    16841    17121  -1.0000  -1.0000  -1.0000  -1.0000
    31676882 fnpc17110.fnal.gov  GenuineIntel  4605.74  760_2100  2748.740  1948.470     -1    14044    17375  -1.0000  -1.0000  -1.0000  -1.0000
    31676882 fnpc9071.fnal.gov   GenuineIntel  4799.29  760_2100  2746.150  1952.650     -1    14901    16778  -1.0000  -1.0000  -1.0000  -1.0000
    31676882 fnpc17105.fnal.gov  GenuineIntel  4605.96  760_2100  2749.850  1963.040     -1    11021    12356  -1.0000  -1.0000  -1.0000  -1.0000
    31676882 fnpc5037.fnal.gov   AuthenticAMD  4600.62  760_2100  2749.100  1946.040     -1    27722    28290  -1.0000  -1.0000  -1.0000  -1.0000
    31676882 fnpc9059.fnal.gov   GenuineIntel  4800.08  760_2100  2751.690  1937.720     -1    15498    17370  -1.0000  -1.0000  -1.0000  -1.0000
    31676882 fnpc9007.fnal.gov   GenuineIntel  4799.30  760_2100  2748.650  1960.910     -1    11537    13426  -1.0000  -1.0000  -1.0000  -1.0000
    31676882 fnpc5006.fnal.gov   AuthenticAMD  4600.08  760_2100  2750.590  1951.010     -1    28327    29780  -1.0000  -1.0000  -1.0000  -1.0000
    31676882 fnpc17159.fnal.gov  GenuineIntel  4605.44  760_2100  2749.220  1966.270     -1    13294    14041  -1.0000  -1.0000  -1.0000  -1.0000
    31676882 fnpc5027.fnal.gov   AuthenticAMD  4600.06  760_2100  2748.980  1900.400     -1    29897    30808  -1.0000  -1.0000  -1.0000  -1.0000
    31676882 fnpc17138.fnal.gov  GenuineIntel  4605.77  760_2100  2749.300  1966.650     -1    13155    13902  -1.0000  -1.0000  -1.0000  -1.0000
    31676882 fnpc17143.fnal.gov  GenuineIntel  4605.39  760_2100  2747.420  1959.950     -1    12480    13259  -1.0000  -1.0000  -1.0000  -1.0000
    31676882 fnpc17155.fnal.gov  GenuineIntel  4605.70  760_2100  2748.420  1910.850     -1    11600    13244  -1.0000  -1.0000  -1.0000  -1.0000
    31676882 fnpc9051.fnal.gov   GenuineIntel  4799.34  760_2100  2748.650  1945.630     -1    14528    15433  -1.0000  -1.0000  -1.0000  -1.0000
    31676882 fnpc9028.fnal.gov   GenuineIntel  4799.34  760_2100  2746.730  1963.560     -1    11735    12826  -1.0000  -1.0000  -1.0000  -1.0000
    31676882 fnpc7030.fnal.gov   AuthenticAMD  4601.86  760_2100  2748.570  1883.690     -1    26831    29099  -1.0000  -1.0000  -1.0000  -1.0000
    31676882 fnpc9106.fnal.gov   GenuineIntel  4800.17  760_2100  2749.710  1946.410     -1    15620    16075  -1.0000  -1.0000  -1.0000  -1.0000
    31676882 fnpc9002.fnal.gov   GenuineIntel  4799.30  760_2100  2749.350  1947.840     -1    12295    13076  -1.0000  -1.0000  -1.0000  -1.0000
    31676882 fnpc17141.fnal.gov  GenuineIntel  4605.55  760_2100  2751.130  1960.770     -1    11614    16043  -1.0000  -1.0000  -1.0000  -1.0000
    31676882 fnpc9001.fnal.gov   GenuineIntel  4799.31  760_2100  2750.260  1958.980     -1    15618    16890  -1.0000  -1.0000  -1.0000  -1.0000
    31676882 fnpc6023.fnal.gov   AuthenticAMD  4599.36  760_2100  2753.220  1948.500     -1    26802    29544  -1.0000  -1.0000  -1.0000  -1.0000
    31676882 fnpc6016.fnal.gov   AuthenticAMD  4599.39  760_2100  2746.930  1903.780     -1    28056    29088  -1.0000  -1.0000  -1.0000  -1.0000
    31676882 fnpc7012.fnal.gov   AuthenticAMD  4599.38  760_2100  2746.660  1926.510     -1    27696    28684  -1.0000  -1.0000  -1.0000  -1.0000
    31676882 fnpc9021.fnal.gov   GenuineIntel  4799.31  760_2100  2748.180  1947.120     -1    12217    13376  -1.0000  -1.0000  -1.0000  -1.0000
    31676882 fnpc17157.fnal.gov  GenuineIntel  4605.64  760_2100  2748.590  1963.150     -1    12588    13108  -1.0000  -1.0000  -1.0000  -1.0000
    31676882 fnpc9057.fnal.gov   GenuineIntel  4799.71  760_2100  2747.650  1962.700     -1    12076    13217  -1.0000  -1.0000  -1.0000  -1.0000
    31676882 fnpc19137.fnal.gov  AuthenticAMD  4999.92  760_2100  2745.960  1913.140     -1    11394    11805  -1.0000  -1.0000  -1.0000  -1.0000
    31676882 fnpc19128.fnal.gov  AuthenticAMD  4999.94  760_2100  2749.340  1957.800     -1    11891    12570  -1.0000  -1.0000  -1.0000  -1.0000
    31676882 fnpc19122.fnal.gov  AuthenticAMD  5000.00  760_2100  2749.000  1914.100     -1    13531    14222  -1.0000  -1.0000  -1.0000  -1.0000
    31676882 fnpc19136.fnal.gov  AuthenticAMD  4999.91  760_2100  2747.540  1959.900     -1    11691    12467  -1.0000  -1.0000  -1.0000  -1.0000
    31676882 fnpc19114.fnal.gov  AuthenticAMD  4999.99  760_2100  2748.700  1958.400     -1    11097    11398  -1.0000  -1.0000  -1.0000  -1.0000
    31676882 fnpc19134.fnal.gov  AuthenticAMD  4999.99  760_2100  2749.330  1943.870     -1    10975    11159  -1.0000  -1.0000  -1.0000  -1.0000
    31676882 fnpc19113.fnal.gov  AuthenticAMD  4999.90  760_2100  2748.310  1897.510     -1    12132    12459  -1.0000  -1.0000  -1.0000  -1.0000
    31676882 fnpc19126.fnal.gov  AuthenticAMD  5000.00  760_2100  2750.470  1958.860     -1    10967    11730  -1.0000  -1.0000  -1.0000  -1.0000
    31676882 fnpc19115.fnal.gov  AuthenticAMD  4999.92  760_2100  2749.900  1962.360     -1    11593    11964  -1.0000  -1.0000  -1.0000  -1.0000
    31676882 fnpc19123.fnal.gov  AuthenticAMD  4999.91  760_2100  2749.230  1947.120     -1    11281    11446  -1.0000  -1.0000  -1.0000  -1.0000
    31676882 fnpc19125.fnal.gov  AuthenticAMD  5000.71  760_2100  2747.240  1943.240     -1    10766    11133  -1.0000  -1.0000  -1.0000  -1.0000
    31676882 fnpc19127.fnal.gov  AuthenticAMD  4999.91  760_2100  2751.280  1914.470     -1    11425    11924  -1.0000  -1.0000  -1.0000  -1.0000
    31676882 fnpc19139.fnal.gov  AuthenticAMD  5000.00  760_2100  2751.180  1916.530     -1    12356    12719  -1.0000  -1.0000  -1.0000  -1.0000
    31676882 fnpc19105.fnal.gov  AuthenticAMD  5000.72  760_2100  2748.290  1941.060     -1    10114    10329  -1.0000  -1.0000  -1.0000  -1.0000
    31676882 fnpc19135.fnal.gov  AuthenticAMD  4999.99  760_2100  2750.720  1898.290     -1    13679    14179  -1.0000  -1.0000  -1.0000  -1.0000
    31676882 fnpc19141.fnal.gov  AuthenticAMD  4999.92  760_2100  2749.850  1958.630     -1    10846    11150  -1.0000  -1.0000  -1.0000  -1.0000
    31676882 fnpc19133.fnal.gov  AuthenticAMD  4999.91  760_2100  2750.010  1961.530     -1     9756     9991  -1.0000  -1.0000  -1.0000  -1.0000
    31676882 fnpc7207.fnal.gov   GenuineIntel  4605.76  760_2100  2748.990  1946.540     -1    16195    16891  -1.0000  -1.0000  -1.0000  -1.0000
    31676882 fnpc19103.fnal.gov  AuthenticAMD  4999.90  760_2100  2749.700  1963.930     -1     9628     9942  -1.0000  -1.0000  -1.0000  -1.0000
    31676882 fnpc19102.fnal.gov  AuthenticAMD  4999.98  760_2100  2747.630  1943.440     -1    10267    10378  -1.0000  -1.0000  -1.0000  -1.0000
    31676882 fnpc19111.fnal.gov  AuthenticAMD  4999.98  760_2100  2747.810  1908.040     -1    11445    12016  -1.0000  -1.0000  -1.0000  -1.0000
    31676882 fnpc9107.fnal.gov   GenuineIntel  4799.33  760_2100  2750.200  1927.030     -1    16828    17069  -1.0000  -1.0000  -1.0000  -1.0000
    31676882 fnpc5037.fnal.gov   AuthenticAMD  4600.62  760_2100  2747.700  1931.240     -1    28187    28793  -1.0000  -1.0000  -1.0000  -1.0000
    31676882 fnpc9021.fnal.gov   GenuineIntel  4799.31  760_2100  2749.940  1963.560     -1    12284    14032  -1.0000  -1.0000  -1.0000  -1.0000
    31676882 fnpc9051.fnal.gov   GenuineIntel  4799.34  760_2100  2750.080  1964.750     -1    14492    15407  -1.0000  -1.0000  -1.0000  -1.0000
    31676882 fnpc17141.fnal.gov  GenuineIntel  4605.55  760_2100  2749.070  1888.250     -1    14983    20279  -1.0000  -1.0000  -1.0000  -1.0000
    31676882 fnpc19102.fnal.gov  AuthenticAMD  4999.98  760_2100  2747.060  1942.140     -1    10317    10417  -1.0000  -1.0000  -1.0000  -1.0000
    31676882 fnpc19134.fnal.gov  AuthenticAMD  4999.99  760_2100  2749.360  1915.110     -1    11074    11670  -1.0000  -1.0000  -1.0000  -1.0000
    31676882 fnpc19111.fnal.gov  AuthenticAMD  4999.98  760_2100  2747.850  1893.110     -1    11479    11870  -1.0000  -1.0000  -1.0000  -1.0000
    31676882 fnpc9106.fnal.gov   GenuineIntel  4800.17  760_2100  2751.390  1947.420     -1    15771    15972  -1.0000  -1.0000  -1.0000  -1.0000
    31676882 fnpc9107.fnal.gov   GenuineIntel  4799.33  760_2100  2749.990  1947.080     -1    16720    16872  -1.0000  -1.0000  -1.0000  -1.0000
    31676882 fnpc19128.fnal.gov  AuthenticAMD  4999.94  760_2100  2746.850  1944.680     -1    12537    12780  -1.0000  -1.0000  -1.0000  -1.0000
    31676882 fnpc19122.fnal.gov  AuthenticAMD  5000.00  760_2100  2753.820  1971.140     -1    11723    12097  -1.0000  -1.0000  -1.0000  -1.0000
    31676882 fnpc19115.fnal.gov  AuthenticAMD  4999.92  760_2100  2749.640  1965.510     -1    11640    12387  -1.0000  -1.0000  -1.0000  -1.0000
    31676882 fnpc19125.fnal.gov  AuthenticAMD  5000.71  760_2100  2748.880  1962.750     -1    10390    10629  -1.0000  -1.0000  -1.0000  -1.0000
    31676882 fnpc19127.fnal.gov  AuthenticAMD  4999.91  760_2100  2747.330  1908.790     -1    11342    11787  -1.0000  -1.0000  -1.0000  -1.0000
    31676882 fnpc19105.fnal.gov  AuthenticAMD  5000.72  760_2100  2747.380  1945.000     -1    10675    10921  -1.0000  -1.0000  -1.0000  -1.0000
    31676882 fnpc19135.fnal.gov  AuthenticAMD  4999.99  760_2100  2749.010  1911.810     -1    13646    13885  -1.0000  -1.0000  -1.0000  -1.0000
    31676882 fnpc19141.fnal.gov  AuthenticAMD  4999.92  760_2100  2752.390  1966.260     -1    10977    11335  -1.0000  -1.0000  -1.0000  -1.0000
    31676882 fnpc19114.fnal.gov  AuthenticAMD  4999.99  760_2100  2749.480  1951.830     -1    11332    12291  -1.0000  -1.0000  -1.0000  -1.0000
    31676882 fnpc9021.fnal.gov   GenuineIntel  4799.31  760_2100  2747.350  1948.460     -1    12225    13485  -1.0000  -1.0000  -1.0000  -1.0000
    31676882 fnpc19126.fnal.gov  AuthenticAMD  5000.00  760_2100  2750.300  1963.030     -1    10398    11117  -1.0000  -1.0000  -1.0000  -1.0000
    31676882 fnpc19139.fnal.gov  AuthenticAMD  5000.00  760_2100  2749.250  1914.740     -1    12299    12529  -1.0000  -1.0000  -1.0000  -1.0000
    31676882 fnpc19113.fnal.gov  AuthenticAMD  4999.90  760_2100  2749.290  1916.390     -1    12067    12486  -1.0000  -1.0000  -1.0000  -1.0000
    31676882 fnpc17141.fnal.gov  GenuineIntel  4605.55  760_2100  2751.220  1904.720     -1    15046    20315  -1.0000  -1.0000  -1.0000  -1.0000
    31676882 fnpc19102.fnal.gov  AuthenticAMD  4999.98  760_2100  2750.280  1962.210     -1    10261    10596  -1.0000  -1.0000  -1.0000  -1.0000
    31676882 fnpc17141.fnal.gov  GenuineIntel  4605.55  760_2100  2751.610  1910.950     -1    14642    19824  -1.0000  -1.0000  -1.0000  -1.0000
    31676882 fnpc19111.fnal.gov  AuthenticAMD  4999.98  760_2100  2749.160  1907.060     -1    10525    11382  -1.0000  -1.0000  -1.0000  -1.0000
    31676882 fnpc9107.fnal.gov   GenuineIntel  4799.33  760_2100  2746.950  1939.950     -1    16732    16875  -1.0000  -1.0000  -1.0000  -1.0000
    31676882 fnpc19122.fnal.gov  AuthenticAMD  5000.00  760_2100  2747.070  1945.210     -1    11719    11959  -1.0000  -1.0000  -1.0000  -1.0000
    31676882 fnpc19115.fnal.gov  AuthenticAMD  4999.92  760_2100  2748.690  1951.230     -1    11540    11812  -1.0000  -1.0000  -1.0000  -1.0000
    31676882 fnpc17138.fnal.gov  GenuineIntel  4605.77  760_2100  2748.780  1941.570     -1    13130    13936  -1.0000  -1.0000  -1.0000  -1.0000
    31676882 fnpc9028.fnal.gov   GenuineIntel  4799.34  760_2100  2746.760  1949.160     -1    11614    12323  -1.0000  -1.0000  -1.0000  -1.0000
    31676882 fnpc19127.fnal.gov  AuthenticAMD  4999.91  760_2100  2750.260  1952.550     -1    10255    10607  -1.0000  -1.0000  -1.0000  -1.0000
    31676882 fnpc19105.fnal.gov  AuthenticAMD  5000.72  760_2100  2748.910  1961.680     -1    10106    10371  -1.0000  -1.0000  -1.0000  -1.0000
    31676882 fnpc19135.fnal.gov  AuthenticAMD  4999.99  760_2100  2747.970  1908.420     -1    13614    13778  -1.0000  -1.0000  -1.0000  -1.0000
    31676882 fnpc19126.fnal.gov  AuthenticAMD  5000.00  760_2100  2749.740  1962.360     -1    10975    11702  -1.0000  -1.0000  -1.0000  -1.0000
    31676882 fnpc19141.fnal.gov  AuthenticAMD  4999.92  760_2100  2750.310  1964.340     -1    10755    11339  -1.0000  -1.0000  -1.0000  -1.0000
    31676882 fnpc19136.fnal.gov  AuthenticAMD  4999.91  760_2100  2748.250  1897.830     -1    12330    15200  -1.0000  -1.0000  -1.0000  -1.0000
    31676882 fnpc19134.fnal.gov  AuthenticAMD  4999.99  760_2100  2748.220  1965.100     -1    10324    10495  -1.0000  -1.0000  -1.0000  -1.0000
    31676882 fnpc19139.fnal.gov  AuthenticAMD  5000.00  760_2100  2754.040  1904.410     -1    12363    12609  -1.0000  -1.0000  -1.0000  -1.0000
    31676882 fnpc19125.fnal.gov  AuthenticAMD  5000.71  760_2100  2747.430  1946.820     -1    10318    10527  -1.0000  -1.0000  -1.0000  -1.0000
    31676882 fnpc19128.fnal.gov  AuthenticAMD  4999.94  760_2100  2749.580  1970.990     -1    12533    12720  -1.0000  -1.0000  -1.0000  -1.0000
    31676882 fnpc19111.fnal.gov  AuthenticAMD  4999.98  760_2100  2749.380  1914.030     -1    10590    10727  -1.0000  -1.0000  -1.0000  -1.0000
    31676882 fnpc17143.fnal.gov  GenuineIntel  4605.39  760_2100  2750.640  1947.450     -1    12672    13494  -1.0000  -1.0000  -1.0000  -1.0000
    31676882 fnpc19102.fnal.gov  AuthenticAMD  4999.98  760_2100  2748.750  1945.380     -1    10286    10768  -1.0000  -1.0000  -1.0000  -1.0000
    31676882 fnpc17141.fnal.gov  GenuineIntel  4605.55  760_2100  2748.260  1889.300     -1    14950    20233  -1.0000  -1.0000  -1.0000  -1.0000
    31676882 fnpc19115.fnal.gov  AuthenticAMD  4999.92  760_2100  2748.870  1966.120     -1    11529    11979  -1.0000  -1.0000  -1.0000  -1.0000
    31676882 fnpc19105.fnal.gov  AuthenticAMD  5000.72  760_2100  2749.790  1915.400     -1    10790    11777  -1.0000  -1.0000  -1.0000  -1.0000
    31676882 fnpc19111.fnal.gov  AuthenticAMD  4999.98  760_2100  2750.530  1915.580     -1    10574    10958  -1.0000  -1.0000  -1.0000  -1.0000
    31676882 fnpc19122.fnal.gov  AuthenticAMD  5000.00  760_2100  2748.830  1946.760     -1    11689    12093  -1.0000  -1.0000  -1.0000  -1.0000
    31676882 fnpc19135.fnal.gov  AuthenticAMD  4999.99  760_2100  2749.030  1960.880     -1    12711    13055  -1.0000  -1.0000  -1.0000  -1.0000
    31676882 fnpc19141.fnal.gov  AuthenticAMD  4999.92  760_2100  2750.210  1964.110     -1    11008    11630  -1.0000  -1.0000  -1.0000  -1.0000
    31676882 fnpc19114.fnal.gov  AuthenticAMD  4999.99  760_2100  2749.810  1950.730     -1    11173    11384  -1.0000  -1.0000  -1.0000  -1.0000
    31676882 fnpc19125.fnal.gov  AuthenticAMD  5000.71  760_2100  2748.040  1947.300     -1    10742    11209  -1.0000  -1.0000  -1.0000  -1.0000
    31676882 fnpc17141.fnal.gov  GenuineIntel  4605.55  760_2100  2749.890  1888.940     -1    15013    20474  -1.0000  -1.0000  -1.0000  -1.0000
    31676882 fnpc19126.fnal.gov  AuthenticAMD  5000.00  760_2100  2748.550  1950.610     -1    10447    11149  -1.0000  -1.0000  -1.0000  -1.0000
    31676882 fnpc19128.fnal.gov  AuthenticAMD  4999.94  760_2100  2750.400  1974.560     -1    12449    12646  -1.0000  -1.0000  -1.0000  -1.0000
    31676882 fnpc19111.fnal.gov  AuthenticAMD  4999.98  760_2100  2749.830  1898.910     -1    10557    10673  -1.0000  -1.0000  -1.0000  -1.0000
    31676882 fnpc19102.fnal.gov  AuthenticAMD  4999.98  760_2100  2750.350  1962.800     -1    10549    10694  -1.0000  -1.0000  -1.0000  -1.0000
    31676882 fnpc19139.fnal.gov  AuthenticAMD  5000.00  760_2100  2751.910  1917.140     -1    12353    13004  -1.0000  -1.0000  -1.0000  -1.0000
    31676882 fnpc19141.fnal.gov  AuthenticAMD  4999.92  760_2100  2750.420  1964.330     -1    10988    11639  -1.0000  -1.0000  -1.0000  -1.0000
    31676882 fnpc19105.fnal.gov  AuthenticAMD  5000.72  760_2100  2749.150  1901.660     -1    10687    11151  -1.0000  -1.0000  -1.0000  -1.0000
    31676882 fnpc19136.fnal.gov  AuthenticAMD  4999.91  760_2100  2751.480  1964.310     -1    12199    12420  -1.0000  -1.0000  -1.0000  -1.0000
    31676882 fnpc17141.fnal.gov  GenuineIntel  4605.55  760_2100  2749.810  1889.230     -1    15130    20426  -1.0000  -1.0000  -1.0000  -1.0000
    31676882 fnpc19135.fnal.gov  AuthenticAMD  4999.99  760_2100  2747.420  1896.710     -1    13647    13836  -1.0000  -1.0000  -1.0000  -1.0000
    31676882 fnpc19111.fnal.gov  AuthenticAMD  4999.98  760_2100  2748.660  1960.230     -1    11434    11596  -1.0000  -1.0000  -1.0000  -1.0000
    31676882 fnpc19125.fnal.gov  AuthenticAMD  5000.71  760_2100  2749.900  1964.380     -1    10749    10928  -1.0000  -1.0000  -1.0000  -1.0000
    31676882 fnpc19102.fnal.gov  AuthenticAMD  4999.98  760_2100  2747.860  1945.490     -1    10641    10893  -1.0000  -1.0000  -1.0000  -1.0000
    31676882 fnpc19114.fnal.gov  AuthenticAMD  4999.99  760_2100  2750.080  1902.830     -1    13135    13610  -1.0000  -1.0000  -1.0000  -1.0000
    31676882 fnpc9057.fnal.gov   GenuineIntel  4799.71  760_2100  2747.110  1963.940     -1    12151    13541  -1.0000  -1.0000  -1.0000  -1.0000
    31676882 fnpc19139.fnal.gov  AuthenticAMD  5000.00  760_2100  2747.210  1945.880     -1    11124    11399  -1.0000  -1.0000  -1.0000  -1.0000
    31676882 fnpc17155.fnal.gov  GenuineIntel  4605.70  760_2100  2747.270  1957.590     -1    10974    12616  -1.0000  -1.0000  -1.0000  -1.0000
    31676882 fnpc19105.fnal.gov  AuthenticAMD  5000.72  760_2100  2747.110  1962.580     -1    10702    11114  -1.0000  -1.0000  -1.0000  -1.0000
    31676882 fnpc19141.fnal.gov  AuthenticAMD  4999.92  760_2100  2750.240  1967.850     -1    10734    11098  -1.0000  -1.0000  -1.0000  -1.0000
    31676882 fnpc19111.fnal.gov  AuthenticAMD  4999.98  760_2100  2747.330  1911.400     -1    11457    11594  -1.0000  -1.0000  -1.0000  -1.0000
    31676882 fnpc9051.fnal.gov   GenuineIntel  4799.34  760_2100  2749.270  1948.000     -1    14524    14937  -1.0000  -1.0000  -1.0000  -1.0000
    31676882 fnpc19102.fnal.gov  AuthenticAMD  4999.98  760_2100  2748.870  1946.550     -1    10295    10468  -1.0000  -1.0000  -1.0000  -1.0000
    31676882 fnpc17141.fnal.gov  GenuineIntel  4605.55  760_2100  2748.090  1886.760     -1    14329    20433  -1.0000  -1.0000  -1.0000  -1.0000
    31676882 fnpc19135.fnal.gov  AuthenticAMD  4999.99  760_2100  2745.570  1894.510     -1    13658    14173  -1.0000  -1.0000  -1.0000  -1.0000
    31676882 fnpc19125.fnal.gov  AuthenticAMD  5000.71  760_2100  2749.340  1951.890     -1    10683    10856  -1.0000  -1.0000  -1.0000  -1.0000
    31676882 fnpc19111.fnal.gov  AuthenticAMD  4999.98  760_2100  2749.510  1961.620     -1    10530    10872  -1.0000  -1.0000  -1.0000  -1.0000
    31676882 fnpc19136.fnal.gov  AuthenticAMD  4999.91  760_2100  2747.830  1946.680     -1    12218    12732  -1.0000  -1.0000  -1.0000  -1.0000
    31676882 fnpc19135.fnal.gov  AuthenticAMD  4999.99  760_2100  2749.390  1898.460     -1    13620    14384  -1.0000  -1.0000  -1.0000  -1.0000
    31676882 fnpc17141.fnal.gov  GenuineIntel  4605.55  760_2100  2746.800  1885.900     -1    14819    20168  -1.0000  -1.0000  -1.0000  -1.0000
    31676882 fnpc19139.fnal.gov  AuthenticAMD  5000.00  760_2100  2751.890  1954.450     -1    11127    11538  -1.0000  -1.0000  -1.0000  -1.0000
    31676882 fnpc19111.fnal.gov  AuthenticAMD  4999.98  760_2100  2750.370  1914.200     -1    11476    11776  -1.0000  -1.0000  -1.0000  -1.0000
    31676882 fnpc19102.fnal.gov  AuthenticAMD  4999.98  760_2100  2746.530  1958.920     -1    10222    10353  -1.0000  -1.0000  -1.0000  -1.0000
    31676882 fnpc19135.fnal.gov  AuthenticAMD  4999.99  760_2100  2748.990  1946.360     -1    12656    12855  -1.0000  -1.0000  -1.0000  -1.0000
    31676882 fnpc19111.fnal.gov  AuthenticAMD  4999.98  760_2100  2748.770  1961.340     -1    10584    10788  -1.0000  -1.0000  -1.0000  -1.0000
    31676882 fnpc19102.fnal.gov  AuthenticAMD  4999.98  760_2100  2747.420  1945.070     -1    10248    10479  -1.0000  -1.0000  -1.0000  -1.0000
    31676882 fnpc17141.fnal.gov  GenuineIntel  4605.55  760_2100  2750.440  1904.460     -1    14978    20160  -1.0000  -1.0000  -1.0000  -1.0000
    31676882 fnpc19111.fnal.gov  AuthenticAMD  4999.98  760_2100  2750.470  1914.190     -1    11433    11867  -1.0000  -1.0000  -1.0000  -1.0000
    31676882 fnpc19136.fnal.gov  AuthenticAMD  4999.91  760_2100  2751.240  1953.550     -1    12155    12390  -1.0000  -1.0000  -1.0000  -1.0000
    31676882 fnpc19135.fnal.gov  AuthenticAMD  4999.99  760_2100  2749.980  1962.430     -1    12709    12930  -1.0000  -1.0000  -1.0000  -1.0000
    31676882 fnpc19102.fnal.gov  AuthenticAMD  4999.98  760_2100  2749.210  1947.030     -1    10476    10748  -1.0000  -1.0000  -1.0000  -1.0000
    31676882 fnpc19111.fnal.gov  AuthenticAMD  4999.98  760_2100  2750.650  1899.880     -1    10550    11966  -1.0000  -1.0000  -1.0000  -1.0000
    31676882 fnpc17141.fnal.gov  GenuineIntel  4605.55  760_2100  2749.590  1892.870     -1    15025    20301  -1.0000  -1.0000  -1.0000  -1.0000
    31676882 fnpc19111.fnal.gov  AuthenticAMD  4999.98  760_2100  2746.910  1910.870     -1    11504    11668  -1.0000  -1.0000  -1.0000  -1.0000
    31676882 fnpc17143.fnal.gov  GenuineIntel  4605.39  760_2100  2754.510  1966.610     -1    12449    13353  -1.0000  -1.0000  -1.0000  -1.0000
    31676882 fnpc19102.fnal.gov  AuthenticAMD  4999.98  760_2100  2749.490  1962.070     -1    10290    10431  -1.0000  -1.0000  -1.0000  -1.0000
    31676882 fnpc17155.fnal.gov  GenuineIntel  4605.70  760_2100  2751.310  1945.630     -1    11215    13144  -1.0000  -1.0000  -1.0000  -1.0000
    31676882 fnpc9051.fnal.gov   GenuineIntel  4799.34  760_2100  2747.870  1965.150     -1    14053    14651  -1.0000  -1.0000  -1.0000  -1.0000
    31676882 fnpc19135.fnal.gov  AuthenticAMD  4999.99  760_2100  2750.460  1947.820     -1    12655    12804  -1.0000  -1.0000  -1.0000  -1.0000
    31676882 fnpc17141.fnal.gov  GenuineIntel  4605.55  760_2100  2749.150  1913.410     -1    14378    19692  -1.0000  -1.0000  -1.0000  -1.0000
    31676882 fnpc19111.fnal.gov  AuthenticAMD  4999.98  760_2100  2750.470  1962.800     -1    10672    10794  -1.0000  -1.0000  -1.0000  -1.0000
    31676882 fnpc19102.fnal.gov  AuthenticAMD  4999.98  760_2100  2748.690  1962.320     -1    10593    10712  -1.0000  -1.0000  -1.0000  -1.0000
    31676882 fnpc19111.fnal.gov  AuthenticAMD  4999.98  760_2100  2750.100  1962.050     -1    10567    10761  -1.0000  -1.0000  -1.0000  -1.0000
    31676882 fnpc19102.fnal.gov  AuthenticAMD  4999.98  760_2100  2747.270  1961.300     -1    10645    10800  -1.0000  -1.0000  -1.0000  -1.0000
    31676882 fnpc19135.fnal.gov  AuthenticAMD  4999.99  760_2100  2749.850  1962.230     -1    12616    12958  -1.0000  -1.0000  -1.0000  -1.0000
    31676882 fnpc19111.fnal.gov  AuthenticAMD  4999.98  760_2100  2752.280  1916.180     -1    11477    11741  -1.0000  -1.0000  -1.0000  -1.0000
    31676882 fnpc17141.fnal.gov  GenuineIntel  4605.55  760_2100  2749.460  1903.420     -1    14989    20106  -1.0000  -1.0000  -1.0000  -1.0000
    31676882 fnpc19111.fnal.gov  AuthenticAMD  4999.98  760_2100  2747.230  1959.700     -1    10780    11406  -1.0000  -1.0000  -1.0000  -1.0000
    31676882 fnpc19102.fnal.gov  AuthenticAMD  4999.98  760_2100  2748.000  1961.780     -1    10599    10703  -1.0000  -1.0000  -1.0000  -1.0000
    31676882 fnpc19111.fnal.gov  AuthenticAMD  4999.98  760_2100  2750.780  1915.290     -1    11483    11638  -1.0000  -1.0000  -1.0000  -1.0000
    31676882 fnpc19135.fnal.gov  AuthenticAMD  4999.99  760_2100  2749.880  1962.520     -1    12691    13027  -1.0000  -1.0000  -1.0000  -1.0000
    31676882 fnpc19102.fnal.gov  AuthenticAMD  4999.98  760_2100  2750.180  1966.120     -1    10594    10928  -1.0000  -1.0000  -1.0000  -1.0000
    31676882 fnpc19111.fnal.gov  AuthenticAMD  4999.98  760_2100  2749.520  1914.170     -1    11490    11721  -1.0000  -1.0000  -1.0000  -1.0000
    31676882 fnpc17143.fnal.gov  GenuineIntel  4605.39  760_2100  2748.690  1965.600     -1    12570    13359  -1.0000  -1.0000  -1.0000  -1.0000
    31676882 fnpc19111.fnal.gov  AuthenticAMD  4999.98  760_2100  2748.020  1900.500     -1    11478    11617  -1.0000  -1.0000  -1.0000  -1.0000
    31676882 fnpc19102.fnal.gov  AuthenticAMD  4999.98  760_2100  2749.750  1971.840     -1    10550    10647  -1.0000  -1.0000  -1.0000  -1.0000
    31676882 fnpc19135.fnal.gov  AuthenticAMD  4999.99  760_2100  2749.310  1898.430     -1    13633    14115  -1.0000  -1.0000  -1.0000  -1.0000
    31676882 fnpc17155.fnal.gov  GenuineIntel  4605.70  760_2100  2749.010  1961.580     -1    11575    13158  -1.0000  -1.0000  -1.0000  -1.0000
    31676882 fnpc19135.fnal.gov  AuthenticAMD  4999.99  760_2100  2747.670  1945.380     -1    12652    12870  -1.0000  -1.0000  -1.0000  -1.0000
    31676882 fnpc17155.fnal.gov  GenuineIntel  4605.70  760_2100  2749.710  1962.090     -1    11564    13626  -1.0000  -1.0000  -1.0000  -1.0000
    31676882 fnpc19135.fnal.gov  AuthenticAMD  4999.99  760_2100  2750.650  1948.440     -1    12680    12947  -1.0000  -1.0000  -1.0000  -1.0000
    31676882 fnpc17155.fnal.gov  GenuineIntel  4605.70  760_2100  2750.940  1969.650     -1    11582    13427  -1.0000  -1.0000  -1.0000  -1.0000
    31676882 fnpc19135.fnal.gov  AuthenticAMD  4999.99  760_2100  2749.100  1899.280     -1    13604    13888  -1.0000  -1.0000  -1.0000  -1.0000
    31676882 fnpc17155.fnal.gov  GenuineIntel  4605.70  760_2100  2749.030  1971.130     -1    11206    12827  -1.0000  -1.0000  -1.0000  -1.0000
    31676882 fnpc19135.fnal.gov  AuthenticAMD  4999.99  760_2100  2750.640  1914.700     -1    13639    14148  -1.0000  -1.0000  -1.0000  -1.0000
    31676882 fnpc19135.fnal.gov  AuthenticAMD  4999.99  760_2100  2749.710  1948.350     -1    12642    12778  -1.0000  -1.0000  -1.0000  -1.0000
    31676882 fnpc19135.fnal.gov  AuthenticAMD  4999.99  760_2100  2749.420  1963.310     -1    12788    12937  -1.0000  -1.0000  -1.0000  -1.0000
    31676882 fnpc19135.fnal.gov  AuthenticAMD  4999.99  760_2100  2751.710  1916.590     -1    13687    14064  -1.0000  -1.0000  -1.0000  -1.0000
    31676882 fnpc19135.fnal.gov  AuthenticAMD  4999.99  760_2100  2748.050  1946.620     -1    12586    12813  -1.0000  -1.0000  -1.0000  -1.0000
    31676882 fnpc19135.fnal.gov  AuthenticAMD  4999.99  760_2100  2748.990  1898.960     -1    13686    14127  -1.0000  -1.0000  -1.0000  -1.0000
    31676882 fnpc19135.fnal.gov  AuthenticAMD  4999.99  760_2100  2750.480  1915.300     -1    13669    14114  -1.0000  -1.0000  -1.0000  -1.0000
    31676882 fnpc19135.fnal.gov  AuthenticAMD  4999.99  760_2100  2749.090  1913.070     -1    13665    14090  -1.0000  -1.0000  -1.0000  -1.0000
    31676882 fnpc19135.fnal.gov  AuthenticAMD  4999.99  760_2100  2749.170  1962.360     -1    12678    13056  -1.0000  -1.0000  -1.0000  -1.0000
    31676882 fnpc19135.fnal.gov  AuthenticAMD  4999.99  760_2100  2749.020  1963.680     -1    12651    13015  -1.0000  -1.0000  -1.0000  -1.0000
    31676882 fnpc19135.fnal.gov  AuthenticAMD  4999.99  760_2100  2748.940  1908.810     -1    13483    14123  -1.0000  -1.0000  -1.0000  -1.0000
    31676882 fnpc19135.fnal.gov  AuthenticAMD  4999.99  760_2100  2747.450  1957.590     -1    12638    12932  -1.0000  -1.0000  -1.0000  -1.0000
    31676882 fnpc19135.fnal.gov  AuthenticAMD  4999.99  760_2100  2748.580  1914.950     -1    13607    13976  -1.0000  -1.0000  -1.0000  -1.0000
    31676882 fnpc19135.fnal.gov  AuthenticAMD  4999.99  760_2100  2747.540  1972.000     -1    12657    12846  -1.0000  -1.0000  -1.0000  -1.0000
    31676882 fnpc19135.fnal.gov  AuthenticAMD  4999.99  760_2100  2747.510  1972.040     -1    12631    12776  -1.0000  -1.0000  -1.0000  -1.0000
    31676882 fnpc8019.fnal.gov   GenuineIntel  4612.05  760_2100  2747.470  1948.770     -1    15464    16548  -1.0000  -1.0000  -1.0000  -1.0000
    31676882 fnpc7206.fnal.gov   GenuineIntel  4605.30  760_2100  2750.680  1959.350     -1    15849    16986  -1.0000  -1.0000  -1.0000  -1.0000
    31676882 fnpc17142.fnal.gov  GenuineIntel  4605.25  760_2100  2748.300  1948.510     -1    15599    17171  -1.0000  -1.0000  -1.0000  -1.0000
    31676882 fnpc8020.fnal.gov   GenuineIntel  4605.52  760_2100  2751.150  1951.330     -1    17843    18321  -1.0000  -1.0000  -1.0000  -1.0000
    31676882 fnpc9062.fnal.gov   GenuineIntel  4799.71  760_2100  2749.350  1945.350     -1    12923    14420  -1.0000  -1.0000  -1.0000  -1.0000
    31676882 fnpc5037.fnal.gov   AuthenticAMD  4600.62  760_2100  2750.440  1923.020     -1    28760    29265  -1.0000  -1.0000  -1.0000  -1.0000
    31676882 fnpc9035.fnal.gov   GenuineIntel  4800.11  760_2100  2747.770  1948.870     -1    15594    19063  -1.0000  -1.0000  -1.0000  -1.0000
    31676882 fnpc9006.fnal.gov   GenuineIntel  4799.72  760_2100  2748.940  1941.260     -1    14082    16155  -1.0000  -1.0000  -1.0000  -1.0000
    31676882 fnpc9029.fnal.gov   GenuineIntel  4799.29  760_2100  2749.750  1951.600     -1    11602    13867  -1.0000  -1.0000  -1.0000  -1.0000
    31676882 fnpc17131.fnal.gov  GenuineIntel  4605.56  760_2100  2749.220  1950.390     -1    10539    14856  -1.0000  -1.0000  -1.0000  -1.0000
    31676882 fnpc9101.fnal.gov   GenuineIntel  4799.30  760_2100  2750.390  1958.420     -1    15401    16137  -1.0000  -1.0000  -1.0000  -1.0000
    31676882 fnpc9065.fnal.gov   GenuineIntel  4799.32  760_2100  2747.000  1946.300     -1    13477    14669  -1.0000  -1.0000  -1.0000  -1.0000
    31676882 fnpc17129.fnal.gov  GenuineIntel  4605.70  760_2100  2748.810  1949.480     -1    15558    16050  -1.0000  -1.0000  -1.0000  -1.0000
    31676882 fnpc9103.fnal.gov   GenuineIntel  4799.31  760_2100  2753.540  1968.810     -1    14245    14612  -1.0000  -1.0000  -1.0000  -1.0000
    31676882 fnpc9104.fnal.gov   GenuineIntel  4799.32  760_2100  2750.760  1965.600     -1    14523    15319  -1.0000  -1.0000  -1.0000  -1.0000
    31676882 fnpc9106.fnal.gov   GenuineIntel  4800.17  760_2100  2749.660  1951.140     -1    15513    15737  -1.0000  -1.0000  -1.0000  -1.0000
    31676882 fnpc6000.fnal.gov   AuthenticAMD  4599.51  760_2100  2747.230  1923.290     -1    28700    29399  -1.0000  -1.0000  -1.0000  -1.0000
    31676882 fnpc9061.fnal.gov   GenuineIntel  4799.72  760_2100  2746.740  1938.130     -1    12008    13366  -1.0000  -1.0000  -1.0000  -1.0000
    31676882 fnpc9042.fnal.gov   GenuineIntel  4799.34  760_2100  2746.920  1962.450     -1    12458    13029  -1.0000  -1.0000  -1.0000  -1.0000
    31676882 fnpc9109.fnal.gov   GenuineIntel  4799.31  760_2100  2746.970  1944.020     -1    14462    14659  -1.0000  -1.0000  -1.0000  -1.0000
    31676882 fnpc9055.fnal.gov   GenuineIntel  4799.35  760_2100  2748.900  1961.820     -1    11697    12974  -1.0000  -1.0000  -1.0000  -1.0000
    31676882 fnpc9031.fnal.gov   GenuineIntel  4799.72  760_2100  2750.530  1959.950     -1    11590    12363  -1.0000  -1.0000  -1.0000  -1.0000
    31676882 fnpc6004.fnal.gov   AuthenticAMD  4601.73  760_2100  2748.130  1900.560     -1    27855    28520  -1.0000  -1.0000  -1.0000  -1.0000
    31676882 fnpc9050.fnal.gov   GenuineIntel  4799.30  760_2100  2747.760  1964.810     -1    11437    13291  -1.0000  -1.0000  -1.0000  -1.0000
    31676882 fnpc6011.fnal.gov   AuthenticAMD  4599.02  760_2100  2747.160  1900.590     -1    28812    31235  -1.0000  -1.0000  -1.0000  -1.0000
    31676882 fnpc6010.fnal.gov   AuthenticAMD  4599.36  760_2100  2750.980  1933.860     -1    25275    25767  -1.0000  -1.0000  -1.0000  -1.0000
    31676882 fnpc6022.fnal.gov   AuthenticAMD  4598.49  760_2100  2751.140  1922.200     -1    29158    32280  -1.0000  -1.0000  -1.0000  -1.0000
    31676882 fnpc7007.fnal.gov   AuthenticAMD  4599.35  760_2100  2750.800  1906.550     -1    30239    30987  -1.0000  -1.0000  -1.0000  -1.0000
    31676882 fnpc7005.fnal.gov   AuthenticAMD  4599.37  760_2100  2751.260  1888.910     -1    25827    27009  -1.0000  -1.0000  -1.0000  -1.0000
    31676882 fnpc7016.fnal.gov   AuthenticAMD  4599.75  760_2100  2747.740  1888.130     -1    25194    27376  -1.0000  -1.0000  -1.0000  -1.0000
    31676882 fnpc9068.fnal.gov   GenuineIntel  4799.33  760_2100  2747.640  1943.220     -1    12757    13578  -1.0000  -1.0000  -1.0000  -1.0000
