jobid/I:node_name/C:cpu_id/C:bogomips/F:dsid/C:vmpeak/F:vmhwm/F:tstage/I:totcpu/I:totwall/I:tfull/F:tistn/F:tkffpar/F:tkffdar/F
    24602744 fnpc5001.fnal.gov   AuthenticAMD  4600.07  711_1030  1485.290   822.399     -1    12813    12859  -1.0000  -1.0000  -1.0000  -1.0000
    24602744 fnpc7003.fnal.gov   AuthenticAMD  4599.81  711_1030  1485.550   845.718     -1    16533    16971  -1.0000  -1.0000  -1.0000  -1.0000
    24602744 fnpc6026.fnal.gov   AuthenticAMD  4599.46  711_1030  1479.670   835.887     -1    16930    17024  -1.0000  -1.0000  -1.0000  -1.0000
    24602744 fnpc9022.fnal.gov   GenuineIntel  4799.33  711_1030  1477.100   814.215     -1     5477     5510  -1.0000  -1.0000  -1.0000  -1.0000
    24602744 fnpc9010.fnal.gov   GenuineIntel  4799.30  711_1030  1476.870   829.907     -1     5521     5534  -1.0000  -1.0000  -1.0000  -1.0000
    24602744 fnpc4535.fnal.gov   AuthenticAMD  4000.20  711_1030  1479.970   834.986     -1    14728    14784  -1.0000  -1.0000  -1.0000  -1.0000
    24602744 fnpc9053.fnal.gov   GenuineIntel  4799.71  711_1030  1485.970   794.362     -1     5516     5557  -1.0000  -1.0000  -1.0000  -1.0000
    24602744 fnpc9102.fnal.gov   GenuineIntel  4799.30  711_1030  1480.070   804.639     -1     5303     5314  -1.0000  -1.0000  -1.0000  -1.0000
    24602744 fnpc9108.fnal.gov   GenuineIntel  4800.47  711_1030  1480.340   838.115     -1     5413     5432  -1.0000  -1.0000  -1.0000  -1.0000
    24602744 fnpc9007.fnal.gov   GenuineIntel  4799.34  711_1030  1478.840   810.017     -1     6820     6859  -1.0000  -1.0000  -1.0000  -1.0000
    24602744 fnpc17158.fnal.gov  GenuineIntel  4605.53  711_1030  1475.460   830.304     -1     5227     5544  -1.0000  -1.0000  -1.0000  -1.0000
    24602744 fnpc4525.fnal.gov   AuthenticAMD  4000.06  711_1030  1483.990   817.758     -1    14710    14764  -1.0000  -1.0000  -1.0000  -1.0000
    24602744 fnpc17160.fnal.gov  GenuineIntel  4605.39  711_1030  1479.570   819.540     -1     5063     5103  -1.0000  -1.0000  -1.0000  -1.0000
    24602744 fnpc9054.fnal.gov   GenuineIntel  4799.22  711_1030  1478.810   813.908     -1     5378     5399  -1.0000  -1.0000  -1.0000  -1.0000
    24602744 fnpc17116.fnal.gov  GenuineIntel  4604.92  711_1030  1482.840   815.931     -1     5073     5092  -1.0000  -1.0000  -1.0000  -1.0000
    24602744 fnpc17101.fnal.gov  GenuineIntel  4605.29  711_1030  1475.240   833.913     -1     7391     7461  -1.0000  -1.0000  -1.0000  -1.0000
    24602744 fnpc7024.fnal.gov   AuthenticAMD  4600.11  711_1030  1477.260   829.092     -1    15452    15761  -1.0000  -1.0000  -1.0000  -1.0000
    24602744 fnpc9016.fnal.gov   GenuineIntel  4799.33  711_1030  1483.850   805.716     -1     6258     6291  -1.0000  -1.0000  -1.0000  -1.0000
    24602744 fnpc6003.fnal.gov   AuthenticAMD  4599.45  711_1030  1483.440   776.438     -1    12078    12130  -1.0000  -1.0000  -1.0000  -1.0000
    24602744 fnpc9107.fnal.gov   GenuineIntel  4799.37  711_1030  1485.120   840.327     -1     6967     6977  -1.0000  -1.0000  -1.0000  -1.0000
    24602744 fnpc8004.fnal.gov   GenuineIntel  4605.51  711_1030  1483.530   786.498     -1     8920     9073  -1.0000  -1.0000  -1.0000  -1.0000
    24602744 fnpc17126.fnal.gov  GenuineIntel  4605.58  711_1030  1483.300   801.440     -1     6888     6920  -1.0000  -1.0000  -1.0000  -1.0000
    24602744 fnpc9038.fnal.gov   GenuineIntel  4799.34  711_1030  1479.370   836.043     -1     5382     5541  -1.0000  -1.0000  -1.0000  -1.0000
    24602744 fnpc6011.fnal.gov   AuthenticAMD  4601.44  711_1030  1487.990   801.038     -1    15610    15708  -1.0000  -1.0000  -1.0000  -1.0000
    24602744 fnpc6024.fnal.gov   AuthenticAMD  4601.08  711_1030  1486.220   816.181     -1    15666    15789  -1.0000  -1.0000  -1.0000  -1.0000
    24602744 fnpc9070.fnal.gov   GenuineIntel  4799.32  711_1030  1476.740   770.691     -1     5410     5445  -1.0000  -1.0000  -1.0000  -1.0000
    24602744 fnpc8014.fnal.gov   GenuineIntel  4605.40  711_1030  1482.540   807.830     -1     7190     7220  -1.0000  -1.0000  -1.0000  -1.0000
    24602744 fnpc17113.fnal.gov  GenuineIntel  4604.87  711_1030  1478.720   820.445     -1     5029     5067  -1.0000  -1.0000  -1.0000  -1.0000
    24602744 fnpc8010.fnal.gov   GenuineIntel  4605.36  711_1030  1481.550   813.584     -1     6457     6480  -1.0000  -1.0000  -1.0000  -1.0000
    24602744 fnpc9005.fnal.gov   GenuineIntel  4799.73  711_1030  1479.230   820.871     -1     6001     6024  -1.0000  -1.0000  -1.0000  -1.0000
    24602744 fnpc9066.fnal.gov   GenuineIntel  4800.10  711_1030  1480.300   811.463     -1     5446     5498  -1.0000  -1.0000  -1.0000  -1.0000
    24602744 fnpc8008.fnal.gov   GenuineIntel  4611.85  711_1030  1481.880   837.800     -1     7497     7682  -1.0000  -1.0000  -1.0000  -1.0000
    24602744 fnpc9026.fnal.gov   GenuineIntel  4799.52  711_1030  1480.380   774.062     -1     6096     6130  -1.0000  -1.0000  -1.0000  -1.0000
    24602744 fnpc7209.fnal.gov   GenuineIntel  4605.63  711_1030  1481.170   842.211     -1     8635     8852  -1.0000  -1.0000  -1.0000  -1.0000
    24602744 fnpc17149.fnal.gov  GenuineIntel  4605.53  711_1030  1481.740   836.567     -1     6182     6201  -1.0000  -1.0000  -1.0000  -1.0000
    24602744 fnpc17141.fnal.gov  GenuineIntel  4605.09  711_1030  1479.540   797.995     -1     6574     6595  -1.0000  -1.0000  -1.0000  -1.0000
    24602744 fnpc17142.fnal.gov  GenuineIntel  4605.34  711_1030  1478.990   820.183     -1     4881     4900  -1.0000  -1.0000  -1.0000  -1.0000
    24602744 fnpc17152.fnal.gov  GenuineIntel  4605.37  711_1030  1481.660   784.675     -1     6480     6655  -1.0000  -1.0000  -1.0000  -1.0000
    24602744 fnpc17117.fnal.gov  GenuineIntel  4605.30  711_1030  1477.590   812.741     -1     4970     4983  -1.0000  -1.0000  -1.0000  -1.0000
    24602744 fnpc17128.fnal.gov  GenuineIntel  4605.36  711_1030  1487.060   844.820     -1     5534     5588  -1.0000  -1.0000  -1.0000  -1.0000
    24602744 fnpc7204.fnal.gov   GenuineIntel  4605.68  711_1030  1477.470   834.793     -1     6705     6730  -1.0000  -1.0000  -1.0000  -1.0000
    24602744 fnpc17104.fnal.gov  GenuineIntel  4605.62  711_1030  1479.590   820.998     -1     5496     5531  -1.0000  -1.0000  -1.0000  -1.0000
    24602744 fnpc9040.fnal.gov   GenuineIntel  4799.34  711_1030  1482.820   814.518     -1     5221     5276  -1.0000  -1.0000  -1.0000  -1.0000
    24602744 fnpc8205.fnal.gov   GenuineIntel  4605.43  711_1030  1479.790   791.826     -1     9283     9299  -1.0000  -1.0000  -1.0000  -1.0000
    24602744 fnpc17105.fnal.gov  GenuineIntel  4605.40  711_1030  1480.980   770.015     -1     6494     6531  -1.0000  -1.0000  -1.0000  -1.0000
    24602744 fnpc17150.fnal.gov  GenuineIntel  4605.26  711_1030  1480.040   834.191     -1     4856     4931  -1.0000  -1.0000  -1.0000  -1.0000
    24602744 fnpc7029.fnal.gov   AuthenticAMD  4599.40  711_1030  1488.930   811.459     -1    15128    15232  -1.0000  -1.0000  -1.0000  -1.0000
    24602744 fnpc7001.fnal.gov   AuthenticAMD  4599.50  711_1030  1489.490   847.639     -1    14168    14253  -1.0000  -1.0000  -1.0000  -1.0000
    24602744 fnpc7021.fnal.gov   AuthenticAMD  4599.38  711_1030  1478.000   816.505     -1    13671    13733  -1.0000  -1.0000  -1.0000  -1.0000
    24602744 fnpc7018.fnal.gov   AuthenticAMD  4599.71  711_1030  1478.530   833.397     -1    15942    16031  -1.0000  -1.0000  -1.0000  -1.0000
    24602744 fnpc9106.fnal.gov   GenuineIntel  4799.31  711_1030  1478.300   833.569     -1     6715     6724  -1.0000  -1.0000  -1.0000  -1.0000
    24602744 fnpc9060.fnal.gov   GenuineIntel  4799.73  711_1030  1482.730   813.916     -1     5495     5522  -1.0000  -1.0000  -1.0000  -1.0000
    24602744 fnpc9044.fnal.gov   GenuineIntel  4799.33  711_1030  1478.810   812.470     -1     5611     5694  -1.0000  -1.0000  -1.0000  -1.0000
    24602744 fnpc7309.fnal.gov   GenuineIntel  4605.08  711_1030  1479.810   798.106     -1     9160     9228  -1.0000  -1.0000  -1.0000  -1.0000
    24602744 fnpc17156.fnal.gov  GenuineIntel  4605.03  711_1030  1477.930   833.917     -1     5110     5122  -1.0000  -1.0000  -1.0000  -1.0000
    24602744 fnpc6007.fnal.gov   AuthenticAMD  4599.47  711_1030  1479.350   837.530     -1    16221    16410  -1.0000  -1.0000  -1.0000  -1.0000
    24602744 fnpc17110.fnal.gov  GenuineIntel  4605.33  711_1030  1478.750   836.612     -1     4981     5174  -1.0000  -1.0000  -1.0000  -1.0000
    24602744 fnpc17131.fnal.gov  GenuineIntel  4604.72  711_1030  1476.890   833.085     -1     5073     5112  -1.0000  -1.0000  -1.0000  -1.0000
    24602744 fnpc17101.fnal.gov  GenuineIntel  4605.29  711_1030  1481.610   775.430     -1     6029     6071  -1.0000  -1.0000  -1.0000  -1.0000
    24602744 fnpc17136.fnal.gov  GenuineIntel  4605.77  711_1030  1479.850   803.537     -1     7558     7681  -1.0000  -1.0000  -1.0000  -1.0000
    24602744 fnpc17160.fnal.gov  GenuineIntel  4605.39  711_1030  1479.450   817.594     -1     6983     7042  -1.0000  -1.0000  -1.0000  -1.0000
    24602744 fnpc17109.fnal.gov  GenuineIntel  4605.04  711_1030  1485.040   841.425     -1     6668     6713  -1.0000  -1.0000  -1.0000  -1.0000
    24602744 fnpc17151.fnal.gov  GenuineIntel  4604.97  711_1030  1479.400   836.276     -1     4981     5118  -1.0000  -1.0000  -1.0000  -1.0000
    24602744 fnpc17154.fnal.gov  GenuineIntel  4605.84  711_1030  1485.540   804.626     -1     6524     6553  -1.0000  -1.0000  -1.0000  -1.0000
    24602744 fnpc7019.fnal.gov   AuthenticAMD  4599.40  711_1030  1491.800   812.311     -1    14992    15080  -1.0000  -1.0000  -1.0000  -1.0000
    24602744 fnpc8012.fnal.gov   GenuineIntel  4605.57  711_1030  1482.600   836.358     -1     6765     7150  -1.0000  -1.0000  -1.0000  -1.0000
    24602744 fnpc8201.fnal.gov   GenuineIntel  4605.82  711_1030  1478.500   782.471     -1     8615     8646  -1.0000  -1.0000  -1.0000  -1.0000
    24602744 fnpc17153.fnal.gov  GenuineIntel  4605.73  711_1030  1481.050   834.445     -1     6824     6938  -1.0000  -1.0000  -1.0000  -1.0000
    24602744 fnpc17143.fnal.gov  GenuineIntel  4604.93  711_1030  1479.850   786.162     -1     6840     6885  -1.0000  -1.0000  -1.0000  -1.0000
    24602744 fnpc17146.fnal.gov  GenuineIntel  4605.53  711_1030  1478.590   813.462     -1     7447     7467  -1.0000  -1.0000  -1.0000  -1.0000
    24602744 fnpc9051.fnal.gov   GenuineIntel  4799.36  711_1030  1477.120   776.872     -1     5358     5373  -1.0000  -1.0000  -1.0000  -1.0000
    24602744 fnpc9072.fnal.gov   GenuineIntel  4799.33  711_1030  1478.120   835.727     -1     5596     5631  -1.0000  -1.0000  -1.0000  -1.0000
    24602744 fnpc9070.fnal.gov   GenuineIntel  4799.32  711_1030  1479.950   775.332     -1     5401     5436  -1.0000  -1.0000  -1.0000  -1.0000
    24602744 fnpc8008.fnal.gov   GenuineIntel  4611.85  711_1030  1487.000   842.662     -1     8176     8343  -1.0000  -1.0000  -1.0000  -1.0000
    24602744 fnpc17141.fnal.gov  GenuineIntel  4605.09  711_1030  1477.390   811.958     -1     5238     5254  -1.0000  -1.0000  -1.0000  -1.0000
    24602744 fnpc17149.fnal.gov  GenuineIntel  4605.53  711_1030  1477.920   832.168     -1     7229     7251  -1.0000  -1.0000  -1.0000  -1.0000
    24602744 fnpc9106.fnal.gov   GenuineIntel  4799.31  711_1030  1480.740   837.796     -1     6951     6960  -1.0000  -1.0000  -1.0000  -1.0000
    24602744 fnpc9060.fnal.gov   GenuineIntel  4799.73  711_1030  1482.310   816.435     -1     5625     5660  -1.0000  -1.0000  -1.0000  -1.0000
    24602744 fnpc9044.fnal.gov   GenuineIntel  4799.33  711_1030  1479.820   809.447     -1     5418     5471  -1.0000  -1.0000  -1.0000  -1.0000
    24602744 fnpc17154.fnal.gov  GenuineIntel  4605.84  711_1030  1480.390   809.185     -1     6486     6521  -1.0000  -1.0000  -1.0000  -1.0000
    24602744 fnpc17110.fnal.gov  GenuineIntel  4605.33  711_1030  1478.260   834.699     -1     5317     5525  -1.0000  -1.0000  -1.0000  -1.0000
    24602744 fnpc17136.fnal.gov  GenuineIntel  4605.77  711_1030  1478.280   803.353     -1     7245     7374  -1.0000  -1.0000  -1.0000  -1.0000
    24602744 fnpc8201.fnal.gov   GenuineIntel  4605.82  711_1030  1478.660   794.919     -1     8403     8421  -1.0000  -1.0000  -1.0000  -1.0000
    24602744 fnpc9051.fnal.gov   GenuineIntel  4799.36  711_1030  1484.830   774.066     -1     5518     5528  -1.0000  -1.0000  -1.0000  -1.0000
    24602744 fnpc9072.fnal.gov   GenuineIntel  4799.33  711_1030  1478.720   834.802     -1     5530     5584  -1.0000  -1.0000  -1.0000  -1.0000
    24602744 fnpc17152.fnal.gov  GenuineIntel  4605.37  711_1030  1487.790   783.471     -1     6614     6848  -1.0000  -1.0000  -1.0000  -1.0000
    24602744 fnpc17109.fnal.gov  GenuineIntel  4605.04  711_1030  1478.580   832.778     -1     6674     6710  -1.0000  -1.0000  -1.0000  -1.0000
    24602744 fnpc8008.fnal.gov   GenuineIntel  4611.85  711_1030  1480.340   833.380     -1     7881     8058  -1.0000  -1.0000  -1.0000  -1.0000
    24602744 fnpc17151.fnal.gov  GenuineIntel  4604.97  711_1030  1479.210   834.212     -1     5036     5152  -1.0000  -1.0000  -1.0000  -1.0000
    24602744 fnpc7001.fnal.gov   AuthenticAMD  4599.50  711_1030  1483.490   842.781     -1    15032    15127  -1.0000  -1.0000  -1.0000  -1.0000
    24602744 fnpc7021.fnal.gov   AuthenticAMD  4599.38  711_1030  1480.020   813.138     -1    13828    13890  -1.0000  -1.0000  -1.0000  -1.0000
    24602744 fnpc17101.fnal.gov  GenuineIntel  4605.29  711_1030  1486.790   776.872     -1     6041     6089  -1.0000  -1.0000  -1.0000  -1.0000
    24602744 fnpc17153.fnal.gov  GenuineIntel  4605.73  711_1030  1481.090   836.469     -1     6918     7041  -1.0000  -1.0000  -1.0000  -1.0000
    24602744 fnpc17143.fnal.gov  GenuineIntel  4604.93  711_1030  1478.090   791.237     -1     6601     6640  -1.0000  -1.0000  -1.0000  -1.0000
    24602744 fnpc7018.fnal.gov   AuthenticAMD  4599.71  711_1030  1489.310   841.523     -1    15746    15842  -1.0000  -1.0000  -1.0000  -1.0000
    24602744 fnpc7019.fnal.gov   AuthenticAMD  4599.40  711_1030  1482.350   814.186     -1    14685    14775  -1.0000  -1.0000  -1.0000  -1.0000
    24602744 fnpc17146.fnal.gov  GenuineIntel  4605.53  711_1030  1481.720   773.403     -1     7521     7549  -1.0000  -1.0000  -1.0000  -1.0000
    24602744 fnpc6007.fnal.gov   AuthenticAMD  4599.47  711_1030  1477.090   837.243     -1    15307    15474  -1.0000  -1.0000  -1.0000  -1.0000
    24602744 fnpc17154.fnal.gov  GenuineIntel  4605.84  711_1030  1480.340   802.865     -1     5482     5503  -1.0000  -1.0000  -1.0000  -1.0000
    24602744 fnpc9051.fnal.gov   GenuineIntel  4799.36  711_1030  1478.340   769.077     -1     5544     5563  -1.0000  -1.0000  -1.0000  -1.0000
    24602744 fnpc9044.fnal.gov   GenuineIntel  4799.33  711_1030  1486.840   811.401     -1     5549     5586  -1.0000  -1.0000  -1.0000  -1.0000
    24602744 fnpc9072.fnal.gov   GenuineIntel  4799.33  711_1030  1481.080   834.241     -1     5729     5762  -1.0000  -1.0000  -1.0000  -1.0000
    24602744 fnpc17153.fnal.gov  GenuineIntel  4605.73  711_1030  1479.440   834.150     -1     6883     7031  -1.0000  -1.0000  -1.0000  -1.0000
    24602744 fnpc17143.fnal.gov  GenuineIntel  4604.93  711_1030  1479.090   788.095     -1     6933     6981  -1.0000  -1.0000  -1.0000  -1.0000
    24602744 fnpc17156.fnal.gov  GenuineIntel  4605.03  711_1030  1477.530   832.692     -1     5349     5390  -1.0000  -1.0000  -1.0000  -1.0000
    24602744 fnpc17146.fnal.gov  GenuineIntel  4605.53  711_1030  1479.590   776.933     -1     5115     5126  -1.0000  -1.0000  -1.0000  -1.0000
    24602744 fnpc17154.fnal.gov  GenuineIntel  4605.84  711_1030  1476.780   806.150     -1     6532     6560  -1.0000  -1.0000  -1.0000  -1.0000
    24602744 fnpc7019.fnal.gov   AuthenticAMD  4599.40  711_1030  1482.430   815.931     -1    15655    15732  -1.0000  -1.0000  -1.0000  -1.0000
    24602744 fnpc17131.fnal.gov  GenuineIntel  4604.72  711_1030  1480.110   833.905     -1     5110     5143  -1.0000  -1.0000  -1.0000  -1.0000
    24602744 fnpc9072.fnal.gov   GenuineIntel  4799.33  711_1030  1482.960   838.083     -1     5617     5691  -1.0000  -1.0000  -1.0000  -1.0000
    24602744 fnpc9051.fnal.gov   GenuineIntel  4799.36  711_1030  1486.290   770.322     -1     5564     5582  -1.0000  -1.0000  -1.0000  -1.0000
    24602744 fnpc9044.fnal.gov   GenuineIntel  4799.33  711_1030  1477.240   813.224     -1     5461     5499  -1.0000  -1.0000  -1.0000  -1.0000
    24602744 fnpc17154.fnal.gov  GenuineIntel  4605.84  711_1030  1479.880   800.383     -1     6526     6555  -1.0000  -1.0000  -1.0000  -1.0000
    24602744 fnpc9051.fnal.gov   GenuineIntel  4799.36  711_1030  1485.430   771.842     -1     5529     5542  -1.0000  -1.0000  -1.0000  -1.0000
    24602744 fnpc17156.fnal.gov  GenuineIntel  4605.03  711_1030  1481.630   838.644     -1     4801     4814  -1.0000  -1.0000  -1.0000  -1.0000
    24602744 fnpc8012.fnal.gov   GenuineIntel  4605.57  711_1030  1479.300   833.466     -1     6550     6934  -1.0000  -1.0000  -1.0000  -1.0000
    24602744 fnpc8012.fnal.gov   GenuineIntel  4605.57  711_1030  1475.280   831.361     -1     6479     6866  -1.0000  -1.0000  -1.0000  -1.0000
    24602744 fnpc4506.fnal.gov   AuthenticAMD  4000.06  711_1030  1486.800   843.624     -1    14406    14472  -1.0000  -1.0000  -1.0000  -1.0000
    24602744 fnpc6000.fnal.gov   AuthenticAMD  4599.78  711_1030  1477.320   817.254     -1    14838    14927  -1.0000  -1.0000  -1.0000  -1.0000
    24602744 fnpc6006.fnal.gov   AuthenticAMD  4599.37  711_1030  1479.520   839.344     -1    16037    16205  -1.0000  -1.0000  -1.0000  -1.0000
    24602744 fnpc6004.fnal.gov   AuthenticAMD  4599.38  711_1030  1480.040   791.364     -1    16098    16214  -1.0000  -1.0000  -1.0000  -1.0000
    24602744 fnpc7030.fnal.gov   AuthenticAMD  4599.54  711_1030  1493.310   844.251     -1    16292    16428  -1.0000  -1.0000  -1.0000  -1.0000
    24602744 fnpc9063.fnal.gov   GenuineIntel  4799.30  711_1030  1479.030   813.638     -1     5618     5642  -1.0000  -1.0000  -1.0000  -1.0000
    24602744 fnpc7022.fnal.gov   AuthenticAMD  4599.53  711_1030  1484.350   844.968     -1    15005    15101  -1.0000  -1.0000  -1.0000  -1.0000
    24602744 fnpc9078.fnal.gov   GenuineIntel  4800.07  711_1030  1480.100   833.458     -1     5427     5474  -1.0000  -1.0000  -1.0000  -1.0000
    24602744 fnpc5002.fnal.gov   AuthenticAMD  4600.04  711_1030  1481.230   839.266     -1    13300    13378  -1.0000  -1.0000  -1.0000  -1.0000
    24602744 fnpc4537.fnal.gov   AuthenticAMD  4001.80  711_1030  1479.030   840.675     -1    14877    14996  -1.0000  -1.0000  -1.0000  -1.0000
    24602744 fnpc9102.fnal.gov   GenuineIntel  4799.30  711_1030  1482.240   818.639     -1     5367     5375  -1.0000  -1.0000  -1.0000  -1.0000
    24602744 fnpc7028.fnal.gov   AuthenticAMD  4599.40  711_1030  1491.140   816.820     -1    15639    15725  -1.0000  -1.0000  -1.0000  -1.0000
    24602744 fnpc9053.fnal.gov   GenuineIntel  4799.71  711_1030  1481.010   817.738     -1     5482     5509  -1.0000  -1.0000  -1.0000  -1.0000
    24602744 fnpc9058.fnal.gov   GenuineIntel  4800.12  711_1030  1478.720   779.583     -1     6285     6307  -1.0000  -1.0000  -1.0000  -1.0000
    24602744 fnpc6027.fnal.gov   AuthenticAMD  4601.24  711_1030  1478.820   807.608     -1    16850    16951  -1.0000  -1.0000  -1.0000  -1.0000
    24602744 fnpc7023.fnal.gov   AuthenticAMD  4599.41  711_1030  1480.200   816.390     -1    15492    15554  -1.0000  -1.0000  -1.0000  -1.0000
    24602744 fnpc9031.fnal.gov   GenuineIntel  4799.31  711_1030  1477.790   833.659     -1     5447     5517  -1.0000  -1.0000  -1.0000  -1.0000
    24602744 fnpc6005.fnal.gov   AuthenticAMD  4599.38  711_1030  1480.270   817.799     -1    15677    15764  -1.0000  -1.0000  -1.0000  -1.0000
    24602744 fnpc7012.fnal.gov   AuthenticAMD  4599.39  711_1030  1503.220   855.937     -1    15711    15791  -1.0000  -1.0000  -1.0000  -1.0000
    24602744 fnpc9034.fnal.gov   GenuineIntel  4799.30  711_1030  1482.450   827.978     -1     7178     7209  -1.0000  -1.0000  -1.0000  -1.0000
    24602744 fnpc7016.fnal.gov   AuthenticAMD  4599.63  711_1030  1479.390   839.049     -1    15356    15459  -1.0000  -1.0000  -1.0000  -1.0000
    24602744 fnpc7206.fnal.gov   GenuineIntel  4605.41  711_1030  1474.850   807.784     -1     7623     7655  -1.0000  -1.0000  -1.0000  -1.0000
    24602744 fnpc17115.fnal.gov  GenuineIntel  4605.35  711_1030  1479.870   808.137     -1     4894     4943  -1.0000  -1.0000  -1.0000  -1.0000
    24602744 fnpc9101.fnal.gov   GenuineIntel  4799.30  711_1030  1480.630   836.641     -1     6586     6595  -1.0000  -1.0000  -1.0000  -1.0000
    24602744 fnpc17158.fnal.gov  GenuineIntel  4605.53  711_1030  1479.020   835.297     -1     4833     5149  -1.0000  -1.0000  -1.0000  -1.0000
    24602744 fnpc9110.fnal.gov   GenuineIntel  4799.70  711_1030  1477.530   835.518     -1     7055     7059  -1.0000  -1.0000  -1.0000  -1.0000
    24602744 fnpc6022.fnal.gov   AuthenticAMD  4599.41  711_1030  1477.860   834.425     -1    14244    14305  -1.0000  -1.0000  -1.0000  -1.0000
    24602744 fnpc6003.fnal.gov   AuthenticAMD  4599.45  711_1030  1480.890   775.148     -1    12450    12508  -1.0000  -1.0000  -1.0000  -1.0000
    24602744 fnpc17126.fnal.gov  GenuineIntel  4605.58  711_1030  1482.990   815.088     -1     5009     5020  -1.0000  -1.0000  -1.0000  -1.0000
    24602744 fnpc9070.fnal.gov   GenuineIntel  4799.32  711_1030  1480.080   812.093     -1     5646     5677  -1.0000  -1.0000  -1.0000  -1.0000
    24602744 fnpc6023.fnal.gov   AuthenticAMD  4600.20  711_1030  1479.500   836.973     -1    14763    14989  -1.0000  -1.0000  -1.0000  -1.0000
    24602744 fnpc9073.fnal.gov   GenuineIntel  4799.72  711_1030  1478.350   816.251     -1     5332     5356  -1.0000  -1.0000  -1.0000  -1.0000
    24602744 fnpc9069.fnal.gov   GenuineIntel  4799.34  711_1030  1479.050   786.149     -1     5562     5605  -1.0000  -1.0000  -1.0000  -1.0000
    24602744 fnpc9059.fnal.gov   GenuineIntel  4799.31  711_1030  1482.350   835.576     -1     6621     6664  -1.0000  -1.0000  -1.0000  -1.0000
    24602744 fnpc9051.fnal.gov   GenuineIntel  4799.36  711_1030  1480.490   818.774     -1     5546     5555  -1.0000  -1.0000  -1.0000  -1.0000
    24602744 fnpc8020.fnal.gov   GenuineIntel  4605.35  711_1030  1479.080   811.102     -1     7542     7576  -1.0000  -1.0000  -1.0000  -1.0000
    24602744 fnpc17101.fnal.gov  GenuineIntel  4605.29  711_1030  1478.450   816.214     -1     6047     6089  -1.0000  -1.0000  -1.0000  -1.0000
    24602744 fnpc17107.fnal.gov  GenuineIntel  4605.07  711_1030  1478.610   833.888     -1     5881     5924  -1.0000  -1.0000  -1.0000  -1.0000
    24602744 fnpc8011.fnal.gov   GenuineIntel  4606.18  711_1030  1480.560   811.684     -1     7896     7940  -1.0000  -1.0000  -1.0000  -1.0000
    24602744 fnpc17134.fnal.gov  GenuineIntel  4605.31  711_1030  1479.510   793.625     -1     7228     7315  -1.0000  -1.0000  -1.0000  -1.0000
    24602744 fnpc17154.fnal.gov  GenuineIntel  4605.84  711_1030  1488.580   846.004     -1     5529     5545  -1.0000  -1.0000  -1.0000  -1.0000
    24602744 fnpc17155.fnal.gov  GenuineIntel  4605.44  711_1030  1483.150   816.546     -1     5201     5229  -1.0000  -1.0000  -1.0000  -1.0000
    24602744 fnpc17114.fnal.gov  GenuineIntel  4605.33  711_1030  1479.830   812.724     -1     6462     6509  -1.0000  -1.0000  -1.0000  -1.0000
    24602744 fnpc17152.fnal.gov  GenuineIntel  4605.37  711_1030  1477.840   782.381     -1     5232     5396  -1.0000  -1.0000  -1.0000  -1.0000
    24602744 fnpc17121.fnal.gov  GenuineIntel  4605.40  711_1030  1483.380   840.454     -1     5183     5204  -1.0000  -1.0000  -1.0000  -1.0000
    24602744 fnpc17151.fnal.gov  GenuineIntel  4604.97  711_1030  1478.840   835.772     -1     4628     4718  -1.0000  -1.0000  -1.0000  -1.0000
    24602744 fnpc17103.fnal.gov  GenuineIntel  4605.19  711_1030  1480.380   831.807     -1     4822     4840  -1.0000  -1.0000  -1.0000  -1.0000
    24602744 fnpc17143.fnal.gov  GenuineIntel  4604.93  711_1030  1479.320   830.681     -1     6853     6915  -1.0000  -1.0000  -1.0000  -1.0000
    24602744 fnpc17144.fnal.gov  GenuineIntel  4605.16  711_1030  1479.530   806.257     -1     4891     4915  -1.0000  -1.0000  -1.0000  -1.0000
    24602744 fnpc17108.fnal.gov  GenuineIntel  4604.93  711_1030  1484.670   839.279     -1     5478     5497  -1.0000  -1.0000  -1.0000  -1.0000
    24602744 fnpc7310.fnal.gov   GenuineIntel  4618.46  711_1030  1485.550   842.858     -1     9269     9300  -1.0000  -1.0000  -1.0000  -1.0000
    24602744 fnpc17105.fnal.gov  GenuineIntel  4605.40  711_1030  1482.110   788.771     -1     5709     5763  -1.0000  -1.0000  -1.0000  -1.0000
    24602744 fnpc8205.fnal.gov   GenuineIntel  4605.43  711_1030  1478.200   782.819     -1     9326     9448  -1.0000  -1.0000  -1.0000  -1.0000
    24602744 fnpc8207.fnal.gov   GenuineIntel  4605.40  711_1030  1476.490   833.950     -1     7731     8058  -1.0000  -1.0000  -1.0000  -1.0000
    24602744 fnpc6017.fnal.gov   AuthenticAMD  4599.39  711_1030  1476.170   809.357     -1    14608    14683  -1.0000  -1.0000  -1.0000  -1.0000
    24602744 fnpc6002.fnal.gov   AuthenticAMD  4599.38  711_1030  1484.200   832.778     -1    13637    13681  -1.0000  -1.0000  -1.0000  -1.0000
    24602744 fnpc9056.fnal.gov   GenuineIntel  4799.34  711_1030  1479.490   796.234     -1     6846     6859  -1.0000  -1.0000  -1.0000  -1.0000
    24602744 fnpc5029.fnal.gov   AuthenticAMD  4600.07  711_1030  1489.960   816.546     -1    12680    12716  -1.0000  -1.0000  -1.0000  -1.0000
    24602744 fnpc6013.fnal.gov   AuthenticAMD  4599.51  711_1030  1481.870   819.749     -1    15851    15966  -1.0000  -1.0000  -1.0000  -1.0000
    24602744 fnpc8203.fnal.gov   GenuineIntel  4612.45  711_1030  1478.870   828.613     -1     8542     8555  -1.0000  -1.0000  -1.0000  -1.0000
    24602744 fnpc9104.fnal.gov   GenuineIntel  4799.73  711_1030  1480.800   788.746     -1     5857     5871  -1.0000  -1.0000  -1.0000  -1.0000
    24602744 fnpc8025.fnal.gov   GenuineIntel  4605.57  711_1030  1480.130   809.058     -1     7565     7609  -1.0000  -1.0000  -1.0000  -1.0000
    24602744 fnpc8201.fnal.gov   GenuineIntel  4605.82  711_1030  1492.830   812.913     -1     8078     8086  -1.0000  -1.0000  -1.0000  -1.0000
    24602744 fnpc17129.fnal.gov  GenuineIntel  4605.03  711_1030  1487.590   800.604     -1     5162     5217  -1.0000  -1.0000  -1.0000  -1.0000
    24602744 fnpc9052.fnal.gov   GenuineIntel  4800.11  711_1030  1478.300   808.301     -1     5296     5337  -1.0000  -1.0000  -1.0000  -1.0000
    24602744 fnpc17111.fnal.gov  GenuineIntel  4605.27  711_1030  1479.560   810.463     -1     5163     5188  -1.0000  -1.0000  -1.0000  -1.0000
    24602744 fnpc7030.fnal.gov   AuthenticAMD  4599.54  711_1030  1481.110   835.371     -1    17877    18016  -1.0000  -1.0000  -1.0000  -1.0000
    24602744 fnpc7007.fnal.gov   AuthenticAMD  4599.88  711_1030  1486.860   827.867     -1    14543    14645  -1.0000  -1.0000  -1.0000  -1.0000
    24602744 fnpc6012.fnal.gov   AuthenticAMD  4599.41  711_1030  1480.020   834.851     -1    15866    15949  -1.0000  -1.0000  -1.0000  -1.0000
    24602744 fnpc9039.fnal.gov   GenuineIntel  4799.31  711_1030  1479.710   798.999     -1     5638     5668  -1.0000  -1.0000  -1.0000  -1.0000
    24602744 fnpc7002.fnal.gov   AuthenticAMD  4599.40  711_1030  1487.290   798.405     -1    16325    16852  -1.0000  -1.0000  -1.0000  -1.0000
    24602744 fnpc8025.fnal.gov   GenuineIntel  4605.57  711_1030  1485.580   793.018     -1     7586     7631  -1.0000  -1.0000  -1.0000  -1.0000
    24602744 fnpc9104.fnal.gov   GenuineIntel  4799.73  711_1030  1480.220   835.617     -1     5689     5697  -1.0000  -1.0000  -1.0000  -1.0000
    24602744 fnpc9052.fnal.gov   GenuineIntel  4800.11  711_1030  1483.340   810.103     -1     5412     5454  -1.0000  -1.0000  -1.0000  -1.0000
    24602744 fnpc8205.fnal.gov   GenuineIntel  4605.43  711_1030  1482.450   808.223     -1     9162     9173  -1.0000  -1.0000  -1.0000  -1.0000
    24602744 fnpc6002.fnal.gov   AuthenticAMD  4599.38  711_1030  1477.570   826.208     -1    13209    13251  -1.0000  -1.0000  -1.0000  -1.0000
    24602744 fnpc17152.fnal.gov  GenuineIntel  4605.37  711_1030  1480.640   787.313     -1     5158     5327  -1.0000  -1.0000  -1.0000  -1.0000
    24602744 fnpc9039.fnal.gov   GenuineIntel  4799.31  711_1030  1477.530   810.684     -1     5877     5910  -1.0000  -1.0000  -1.0000  -1.0000
    24602744 fnpc17105.fnal.gov  GenuineIntel  4605.40  711_1030  1478.110   833.413     -1     6452     6478  -1.0000  -1.0000  -1.0000  -1.0000
    24602744 fnpc9056.fnal.gov   GenuineIntel  4799.34  711_1030  1480.140   803.361     -1     6824     6845  -1.0000  -1.0000  -1.0000  -1.0000
    24602744 fnpc17111.fnal.gov  GenuineIntel  4605.27  711_1030  1479.750   812.638     -1     7584     7617  -1.0000  -1.0000  -1.0000  -1.0000
    24602744 fnpc6017.fnal.gov   AuthenticAMD  4599.39  711_1030  1480.480   809.058     -1    15572    15652  -1.0000  -1.0000  -1.0000  -1.0000
    24602744 fnpc9039.fnal.gov   GenuineIntel  4799.31  711_1030  1480.340   799.842     -1     5721     5745  -1.0000  -1.0000  -1.0000  -1.0000
    24602744 fnpc6012.fnal.gov   AuthenticAMD  4599.41  711_1030  1483.940   839.012     -1    15756    15836  -1.0000  -1.0000  -1.0000  -1.0000
    24602744 fnpc7002.fnal.gov   AuthenticAMD  4599.40  711_1030  1479.920   792.154     -1    15937    16446  -1.0000  -1.0000  -1.0000  -1.0000
    24602744 fnpc6002.fnal.gov   AuthenticAMD  4599.38  711_1030  1478.630   828.621     -1    13824    13865  -1.0000  -1.0000  -1.0000  -1.0000
    24602744 fnpc9056.fnal.gov   GenuineIntel  4799.34  711_1030  1485.320   788.521     -1     6752     6765  -1.0000  -1.0000  -1.0000  -1.0000
    24602744 fnpc7030.fnal.gov   AuthenticAMD  4599.54  711_1030  1497.670   843.620     -1    17389    17518  -1.0000  -1.0000  -1.0000  -1.0000
    24602744 fnpc6013.fnal.gov   AuthenticAMD  4599.51  711_1030  1484.870   822.571     -1    16678    16786  -1.0000  -1.0000  -1.0000  -1.0000
    24602744 fnpc17129.fnal.gov  GenuineIntel  4605.03  711_1030  1478.370   784.691     -1     5219     5277  -1.0000  -1.0000  -1.0000  -1.0000
    24602744 fnpc6012.fnal.gov   AuthenticAMD  4599.41  711_1030  1480.900   836.055     -1    14972    15045  -1.0000  -1.0000  -1.0000  -1.0000
    24602744 fnpc7002.fnal.gov   AuthenticAMD  4599.40  711_1030  1478.130   790.594     -1    16607    17131  -1.0000  -1.0000  -1.0000  -1.0000
    24602744 fnpc5029.fnal.gov   AuthenticAMD  4600.07  711_1030  1477.220   819.446     -1    12742    12784  -1.0000  -1.0000  -1.0000  -1.0000
    24602744 fnpc7002.fnal.gov   AuthenticAMD  4599.40  711_1030  1481.640   793.915     -1    15375    15894  -1.0000  -1.0000  -1.0000  -1.0000
    24602744 fnpc7002.fnal.gov   AuthenticAMD  4599.40  711_1030  1479.200   788.443     -1    16398    16924  -1.0000  -1.0000  -1.0000  -1.0000
    24602744 fnpc17125.fnal.gov  GenuineIntel  4604.96  711_1030  1476.940   833.491     -1     4564     5882  -1.0000  -1.0000  -1.0000  -1.0000
    24602744 fnpc7017.fnal.gov   AuthenticAMD  4599.38  711_1030  1479.580   792.965     -1    16005    16126  -1.0000  -1.0000  -1.0000  -1.0000
    24602744 fnpc4531.fnal.gov   AuthenticAMD  4000.05  711_1030  1481.520   841.781     -1    14603    14684  -1.0000  -1.0000  -1.0000  -1.0000
    24602744 fnpc7025.fnal.gov   AuthenticAMD  4601.46  711_1030  1478.600   841.175     -1    16434    16535  -1.0000  -1.0000  -1.0000  -1.0000
    24602744 fnpc6025.fnal.gov   AuthenticAMD  4599.37  711_1030  1497.650   845.332     -1    14788    14888  -1.0000  -1.0000  -1.0000  -1.0000
    24602744 fnpc9018.fnal.gov   GenuineIntel  4799.34  711_1030  1483.830   840.450     -1     5630     5641  -1.0000  -1.0000  -1.0000  -1.0000
    24602744 fnpc9035.fnal.gov   GenuineIntel  4799.29  711_1030  1483.330   785.666     -1     5384     5399  -1.0000  -1.0000  -1.0000  -1.0000
    24602744 fnpc6015.fnal.gov   AuthenticAMD  4599.41  711_1030  1478.390   788.451     -1    15477    15584  -1.0000  -1.0000  -1.0000  -1.0000
    24602744 fnpc8001.fnal.gov   GenuineIntel  4611.73  711_1030  1479.360   836.784     -1     9119     9221  -1.0000  -1.0000  -1.0000  -1.0000
    24602744 fnpc9023.fnal.gov   GenuineIntel  4799.71  711_1030  1479.670   828.183     -1     5527     5561  -1.0000  -1.0000  -1.0000  -1.0000
    24602744 fnpc8015.fnal.gov   GenuineIntel  4605.79  711_1030  1486.590   809.480     -1     8435     8456  -1.0000  -1.0000  -1.0000  -1.0000
    24602744 fnpc17129.fnal.gov  GenuineIntel  4605.03  711_1030  1480.760   836.293     -1     6057     6088  -1.0000  -1.0000  -1.0000  -1.0000
    24602744 fnpc9074.fnal.gov   GenuineIntel  4800.12  711_1030  1479.480   834.716     -1     5379     5472  -1.0000  -1.0000  -1.0000  -1.0000
    24602744 fnpc7024.fnal.gov   AuthenticAMD  4600.11  711_1030  1490.530   844.095     -1    15241    15541  -1.0000  -1.0000  -1.0000  -1.0000
    24602744 fnpc9016.fnal.gov   GenuineIntel  4799.33  711_1030  1486.080   841.798     -1     6247     6255  -1.0000  -1.0000  -1.0000  -1.0000
    24602744 fnpc17160.fnal.gov  GenuineIntel  4605.39  711_1030  1479.610   831.398     -1     6988     7050  -1.0000  -1.0000  -1.0000  -1.0000
    24602744 fnpc6021.fnal.gov   AuthenticAMD  4599.92  711_1030  1478.620   837.878     -1    14406    14509  -1.0000  -1.0000  -1.0000  -1.0000
    24602744 fnpc9067.fnal.gov   GenuineIntel  4799.36  711_1030  1476.080   817.295     -1     5322     5338  -1.0000  -1.0000  -1.0000  -1.0000
    24602744 fnpc9103.fnal.gov   GenuineIntel  4799.32  711_1030  1477.820   781.079     -1     7019     7037  -1.0000  -1.0000  -1.0000  -1.0000
    24602744 fnpc17110.fnal.gov  GenuineIntel  4605.33  711_1030  1489.260   847.024     -1     4902     5100  -1.0000  -1.0000  -1.0000  -1.0000
    24602744 fnpc9030.fnal.gov   GenuineIntel  4799.31  711_1030  1485.500   840.507     -1     5462     5487  -1.0000  -1.0000  -1.0000  -1.0000
    24602744 fnpc9066.fnal.gov   GenuineIntel  4800.10  711_1030  1477.070   833.135     -1     5470     5514  -1.0000  -1.0000  -1.0000  -1.0000
    24602744 fnpc9026.fnal.gov   GenuineIntel  4799.52  711_1030  1479.380   810.648     -1     6331     6349  -1.0000  -1.0000  -1.0000  -1.0000
    24602744 fnpc8006.fnal.gov   GenuineIntel  4605.61  711_1030  1476.850   832.524     -1     7177     7208  -1.0000  -1.0000  -1.0000  -1.0000
    24602744 fnpc17136.fnal.gov  GenuineIntel  4605.77  711_1030  1480.110   836.973     -1     7537     7654  -1.0000  -1.0000  -1.0000  -1.0000
    24602744 fnpc17141.fnal.gov  GenuineIntel  4605.09  711_1030  1479.200   833.405     -1     6732     6751  -1.0000  -1.0000  -1.0000  -1.0000
    24602744 fnpc9008.fnal.gov   GenuineIntel  4799.32  711_1030  1475.650   832.885     -1     6415     6462  -1.0000  -1.0000  -1.0000  -1.0000
    24602744 fnpc9025.fnal.gov   GenuineIntel  4799.71  711_1030  1485.420   840.360     -1     5359     5402  -1.0000  -1.0000  -1.0000  -1.0000
    24602744 fnpc17117.fnal.gov  GenuineIntel  4605.30  711_1030  1484.190   810.013     -1     5787     5807  -1.0000  -1.0000  -1.0000  -1.0000
    24602744 fnpc17146.fnal.gov  GenuineIntel  4605.53  711_1030  1479.110   835.940     -1     5097     5104  -1.0000  -1.0000  -1.0000  -1.0000
    24602744 fnpc7308.fnal.gov   GenuineIntel  4605.62  711_1030  1482.770   830.214     -1     7959     7974  -1.0000  -1.0000  -1.0000  -1.0000
    24602744 fnpc8206.fnal.gov   GenuineIntel  4605.93  711_1030  1479.030   813.658     -1     9312     9323  -1.0000  -1.0000  -1.0000  -1.0000
    24602744 fnpc8015.fnal.gov   GenuineIntel  4605.79  711_1030  1487.740   815.337     -1     8420     8442  -1.0000  -1.0000  -1.0000  -1.0000
    24602744 fnpc7015.fnal.gov   AuthenticAMD  4601.75  711_1030  1480.400   829.673     -1    16280    16567  -1.0000  -1.0000  -1.0000  -1.0000
    24602744 fnpc7019.fnal.gov   AuthenticAMD  4599.40  711_1030  1480.680   815.407     -1    14426    14492  -1.0000  -1.0000  -1.0000  -1.0000
    24602744 fnpc6020.fnal.gov   AuthenticAMD  4599.37  711_1030  1479.350   839.025     -1    15414    15495  -1.0000  -1.0000  -1.0000  -1.0000
    24602744 fnpc9002.fnal.gov   GenuineIntel  4799.31  711_1030  1484.520   841.433     -1     6495     6560  -1.0000  -1.0000  -1.0000  -1.0000
    24602744 fnpc7309.fnal.gov   GenuineIntel  4605.08  711_1030  1478.750   833.262     -1     9043     9076  -1.0000  -1.0000  -1.0000  -1.0000
    24602744 fnpc8210.fnal.gov   GenuineIntel  4611.92  711_1030  1485.280   841.605     -1     8402     8421  -1.0000  -1.0000  -1.0000  -1.0000
    24602744 fnpc9028.fnal.gov   GenuineIntel  4799.34  711_1030  1478.770   810.033     -1     5490     5510  -1.0000  -1.0000  -1.0000  -1.0000
    24602744 fnpc17131.fnal.gov  GenuineIntel  4604.72  711_1030  1477.400   833.778     -1     5161     5191  -1.0000  -1.0000  -1.0000  -1.0000
    24602744 fnpc9040.fnal.gov   GenuineIntel  4799.34  711_1030  1484.920   835.006     -1     5472     5552  -1.0000  -1.0000  -1.0000  -1.0000
    24602744 fnpc17135.fnal.gov  GenuineIntel  4605.45  711_1030  1478.910   832.496     -1     4434     4456  -1.0000  -1.0000  -1.0000  -1.0000
    24602744 fnpc7007.fnal.gov   AuthenticAMD  4599.88  711_1030  1488.440   841.703     -1    14698    14802  -1.0000  -1.0000  -1.0000  -1.0000
    24602744 fnpc17106.fnal.gov  GenuineIntel  4605.08  711_1030  1478.570   834.949     -1     5739     5756  -1.0000  -1.0000  -1.0000  -1.0000
    24602744 fnpc17119.fnal.gov  GenuineIntel  4605.18  711_1030  1483.490   838.980     -1     4929     5441  -1.0000  -1.0000  -1.0000  -1.0000
    24602744 fnpc9024.fnal.gov   GenuineIntel  4799.31  711_1030  1482.550   838.160     -1     7753     7780  -1.0000  -1.0000  -1.0000  -1.0000
    24602744 fnpc9035.fnal.gov   GenuineIntel  4799.29  711_1030  1479.860   785.170     -1     5484     5501  -1.0000  -1.0000  -1.0000  -1.0000
    24602744 fnpc6015.fnal.gov   AuthenticAMD  4599.41  711_1030  1485.900   786.235     -1    16506    16622  -1.0000  -1.0000  -1.0000  -1.0000
    24602744 fnpc9103.fnal.gov   GenuineIntel  4799.32  711_1030  1480.810   836.981     -1     6954     6958  -1.0000  -1.0000  -1.0000  -1.0000
    24602744 fnpc9030.fnal.gov   GenuineIntel  4799.31  711_1030  1479.040   834.503     -1     5481     5511  -1.0000  -1.0000  -1.0000  -1.0000
    24602744 fnpc9016.fnal.gov   GenuineIntel  4799.33  711_1030  1481.680   821.772     -1     6425     6431  -1.0000  -1.0000  -1.0000  -1.0000
    24602744 fnpc9028.fnal.gov   GenuineIntel  4799.34  711_1030  1477.930   806.560     -1     5589     5607  -1.0000  -1.0000  -1.0000  -1.0000
    24602744 fnpc9040.fnal.gov   GenuineIntel  4799.34  711_1030  1476.210   779.424     -1     5574     5631  -1.0000  -1.0000  -1.0000  -1.0000
    24602744 fnpc9024.fnal.gov   GenuineIntel  4799.31  711_1030  1483.800   837.104     -1     7853     7900  -1.0000  -1.0000  -1.0000  -1.0000
    24602744 fnpc17135.fnal.gov  GenuineIntel  4605.45  711_1030  1479.770   833.913     -1     4520     4539  -1.0000  -1.0000  -1.0000  -1.0000
    24602744 fnpc6020.fnal.gov   AuthenticAMD  4599.37  711_1030  1490.640   849.609     -1    15347    15428  -1.0000  -1.0000  -1.0000  -1.0000
    24602744 fnpc17106.fnal.gov  GenuineIntel  4605.08  711_1030  1480.210   834.929     -1     5757     5773  -1.0000  -1.0000  -1.0000  -1.0000
    24602744 fnpc17119.fnal.gov  GenuineIntel  4605.18  711_1030  1479.970   835.178     -1     5312     5878  -1.0000  -1.0000  -1.0000  -1.0000
    24602744 fnpc7015.fnal.gov   AuthenticAMD  4601.75  711_1030  1478.930   828.428     -1    15314    15592  -1.0000  -1.0000  -1.0000  -1.0000
    24602744 fnpc9024.fnal.gov   GenuineIntel  4799.31  711_1030  1484.970   838.267     -1     7906     7936  -1.0000  -1.0000  -1.0000  -1.0000
    24602744 fnpc17131.fnal.gov  GenuineIntel  4604.72  711_1030  1478.600   833.962     -1     6449     6525  -1.0000  -1.0000  -1.0000  -1.0000
    24602744 fnpc17135.fnal.gov  GenuineIntel  4605.45  711_1030  1486.290   842.928     -1     5000     5033  -1.0000  -1.0000  -1.0000  -1.0000
    24602744 fnpc9024.fnal.gov   GenuineIntel  4799.31  711_1030  1480.380   837.210     -1     7849     7900  -1.0000  -1.0000  -1.0000  -1.0000
    24602744 fnpc17119.fnal.gov  GenuineIntel  4605.18  711_1030  1486.540   842.740     -1     4953     5459  -1.0000  -1.0000  -1.0000  -1.0000
    24602744 fnpc9002.fnal.gov   GenuineIntel  4799.31  711_1030  1483.030   840.045     -1     6424     6498  -1.0000  -1.0000  -1.0000  -1.0000
    24602744 fnpc9024.fnal.gov   GenuineIntel  4799.31  711_1030  1480.620   835.068     -1     7968     8029  -1.0000  -1.0000  -1.0000  -1.0000
    24602744 fnpc9024.fnal.gov   GenuineIntel  4799.31  711_1030  1479.270   832.442     -1     7977     8029  -1.0000  -1.0000  -1.0000  -1.0000
    24602744 fnpc7019.fnal.gov   AuthenticAMD  4599.40  711_1030  1489.600   841.589     -1    14543    14622  -1.0000  -1.0000  -1.0000  -1.0000
    24602744 fnpc9024.fnal.gov   GenuineIntel  4799.31  711_1030  1479.010   834.552     -1     7743     7770  -1.0000  -1.0000  -1.0000  -1.0000
    24602744 fnpc9024.fnal.gov   GenuineIntel  4799.31  711_1030  1482.910   836.694     -1     7947     8028  -1.0000  -1.0000  -1.0000  -1.0000
    24602744 fnpc9024.fnal.gov   GenuineIntel  4799.31  711_1030  1477.670   831.685     -1     7901     7937  -1.0000  -1.0000  -1.0000  -1.0000
    24602744 fnpc9024.fnal.gov   GenuineIntel  4799.31  711_1030  1479.710   832.668     -1     8073     8101  -1.0000  -1.0000  -1.0000  -1.0000
    24602744 fnpc9024.fnal.gov   GenuineIntel  4799.31  711_1030  1479.050   833.139     -1     7949     8028  -1.0000  -1.0000  -1.0000  -1.0000
    24602744 fnpc9024.fnal.gov   GenuineIntel  4799.31  711_1030  1478.540   829.546     -1     8098     8147  -1.0000  -1.0000  -1.0000  -1.0000
    24602744 fnpc9024.fnal.gov   GenuineIntel  4799.31  711_1030  1476.280   829.673     -1     8090     8122  -1.0000  -1.0000  -1.0000  -1.0000
    24602744 fnpc9024.fnal.gov   GenuineIntel  4799.31  711_1030  1477.210   832.754     -1     8023     8048  -1.0000  -1.0000  -1.0000  -1.0000
    24602744 fnpc9024.fnal.gov   GenuineIntel  4799.31  711_1030  1477.990   831.955     -1     7784     7809  -1.0000  -1.0000  -1.0000  -1.0000
    24602744 fnpc7029.fnal.gov   AuthenticAMD  4599.40  711_1030  1497.120   839.750     -1    16581    16681  -1.0000  -1.0000  -1.0000  -1.0000
    24602744 fnpc7021.fnal.gov   AuthenticAMD  4599.38  711_1030  1479.920   840.966     -1    14250    14302  -1.0000  -1.0000  -1.0000  -1.0000
    24602744 fnpc5037.fnal.gov   AuthenticAMD  4600.22  711_1030  1492.120   847.663     -1    12930    12974  -1.0000  -1.0000  -1.0000  -1.0000
    24602744 fnpc7002.fnal.gov   AuthenticAMD  4599.40  711_1030  1489.980   800.055     -1    16524    17003  -1.0000  -1.0000  -1.0000  -1.0000
    24602744 fnpc5028.fnal.gov   AuthenticAMD  4600.07  711_1030  1482.460   841.916     -1    12801    12860  -1.0000  -1.0000  -1.0000  -1.0000
    24602744 fnpc7006.fnal.gov   AuthenticAMD  4599.72  711_1030  1488.240   845.046     -1    15782    15895  -1.0000  -1.0000  -1.0000  -1.0000
    24602744 fnpc9079.fnal.gov   GenuineIntel  4799.33  711_1030  1478.390   790.802     -1     5530     5656  -1.0000  -1.0000  -1.0000  -1.0000
    24602744 fnpc9006.fnal.gov   GenuineIntel  4799.73  711_1030  1484.350   841.359     -1     7081     7209  -1.0000  -1.0000  -1.0000  -1.0000
    24602744 fnpc9035.fnal.gov   GenuineIntel  4799.29  711_1030  1481.720   835.633     -1     5348     5353  -1.0000  -1.0000  -1.0000  -1.0000
    24602744 fnpc6015.fnal.gov   AuthenticAMD  4599.41  711_1030  1488.350   847.933     -1    15309    15403  -1.0000  -1.0000  -1.0000  -1.0000
    24602744 fnpc9058.fnal.gov   GenuineIntel  4800.12  711_1030  1478.480   833.978     -1     6184     6202  -1.0000  -1.0000  -1.0000  -1.0000
    24602744 fnpc9056.fnal.gov   GenuineIntel  4799.34  711_1030  1480.910   813.474     -1     6680     6686  -1.0000  -1.0000  -1.0000  -1.0000
    24602744 fnpc8013.fnal.gov   GenuineIntel  4605.39  711_1030  1484.230   841.122     -1     8421     8510  -1.0000  -1.0000  -1.0000  -1.0000
    24602744 fnpc9060.fnal.gov   GenuineIntel  4799.73  711_1030  1477.660   780.067     -1     5485     5508  -1.0000  -1.0000  -1.0000  -1.0000
    24602744 fnpc7206.fnal.gov   GenuineIntel  4605.41  711_1030  1481.130   821.989     -1     7647     7669  -1.0000  -1.0000  -1.0000  -1.0000
    24602744 fnpc9054.fnal.gov   GenuineIntel  4799.22  711_1030  1478.390   779.583     -1     5501     5513  -1.0000  -1.0000  -1.0000  -1.0000
    24602744 fnpc6008.fnal.gov   AuthenticAMD  4599.45  711_1030  1480.200   839.672     -1    14680    14772  -1.0000  -1.0000  -1.0000  -1.0000
    24602744 fnpc17123.fnal.gov  GenuineIntel  4605.25  711_1030  1477.830   819.196     -1     4763     4783  -1.0000  -1.0000  -1.0000  -1.0000
    24602744 fnpc6003.fnal.gov   AuthenticAMD  4599.45  711_1030  1491.520   777.294     -1    12165    12203  -1.0000  -1.0000  -1.0000  -1.0000
    24602744 fnpc8017.fnal.gov   GenuineIntel  4605.77  711_1030  1480.400   837.943     -1     6379     6401  -1.0000  -1.0000  -1.0000  -1.0000
    24602744 fnpc9105.fnal.gov   GenuineIntel  4799.36  711_1030  1482.580   787.902     -1     5327     5335  -1.0000  -1.0000  -1.0000  -1.0000
    24602744 fnpc9037.fnal.gov   GenuineIntel  4799.31  711_1030  1480.580   837.423     -1     5828     5875  -1.0000  -1.0000  -1.0000  -1.0000
    24602744 fnpc9003.fnal.gov   GenuineIntel  4799.37  711_1030  1479.270   814.850     -1     7944     7987  -1.0000  -1.0000  -1.0000  -1.0000
    24602744 fnpc8002.fnal.gov   GenuineIntel  4605.77  711_1030  1480.300   808.231     -1     8637     8678  -1.0000  -1.0000  -1.0000  -1.0000
    24602744 fnpc9077.fnal.gov   GenuineIntel  4799.35  711_1030  1483.290   838.861     -1     5924     5964  -1.0000  -1.0000  -1.0000  -1.0000
    24602744 fnpc6011.fnal.gov   AuthenticAMD  4601.44  711_1030  1480.020   835.711     -1    15963    16064  -1.0000  -1.0000  -1.0000  -1.0000
    24602744 fnpc6024.fnal.gov   AuthenticAMD  4601.08  711_1030  1482.150   840.872     -1    15000    15216  -1.0000  -1.0000  -1.0000  -1.0000
    24602744 fnpc6031.fnal.gov   AuthenticAMD  4599.77  711_1030  1479.660   839.762     -1    15668    15766  -1.0000  -1.0000  -1.0000  -1.0000
    24602744 fnpc9070.fnal.gov   GenuineIntel  4799.32  711_1030  1476.300   832.569     -1     5640     5668  -1.0000  -1.0000  -1.0000  -1.0000
    24602744 fnpc9039.fnal.gov   GenuineIntel  4799.31  711_1030  1479.960   781.025     -1     5672     5696  -1.0000  -1.0000  -1.0000  -1.0000
    24602744 fnpc17110.fnal.gov  GenuineIntel  4605.33  711_1030  1477.570   834.257     -1     4932     5130  -1.0000  -1.0000  -1.0000  -1.0000
    24602744 fnpc8010.fnal.gov   GenuineIntel  4605.36  711_1030  1487.760   809.480     -1     6732     6749  -1.0000  -1.0000  -1.0000  -1.0000
    24602744 fnpc9036.fnal.gov   GenuineIntel  4799.71  711_1030  1480.000   835.715     -1     5543     5562  -1.0000  -1.0000  -1.0000  -1.0000
    24602744 fnpc9014.fnal.gov   GenuineIntel  4799.73  711_1030  1479.090   827.134     -1     6217     6262  -1.0000  -1.0000  -1.0000  -1.0000
    24602744 fnpc9067.fnal.gov   GenuineIntel  4799.36  711_1030  1478.410   817.938     -1     5482     5501  -1.0000  -1.0000  -1.0000  -1.0000
    24602744 fnpc8025.fnal.gov   GenuineIntel  4605.57  711_1030  1479.610   833.884     -1     7522     7549  -1.0000  -1.0000  -1.0000  -1.0000
    24602744 fnpc8020.fnal.gov   GenuineIntel  4605.35  711_1030  1481.480   837.874     -1     7259     7269  -1.0000  -1.0000  -1.0000  -1.0000
    24602744 fnpc17101.fnal.gov  GenuineIntel  4605.29  711_1030  1477.670   834.613     -1     6159     6187  -1.0000  -1.0000  -1.0000  -1.0000
    24602744 fnpc8024.fnal.gov   GenuineIntel  4606.42  711_1030  1481.560   836.559     -1     7385     7439  -1.0000  -1.0000  -1.0000  -1.0000
    24602744 fnpc9026.fnal.gov   GenuineIntel  4799.52  711_1030  1479.470   831.062     -1     6143     6164  -1.0000  -1.0000  -1.0000  -1.0000
    24602744 fnpc17129.fnal.gov  GenuineIntel  4605.03  711_1030  1478.300   787.276     -1     5210     5266  -1.0000  -1.0000  -1.0000  -1.0000
    24602744 fnpc8026.fnal.gov   GenuineIntel  4606.77  711_1030  1477.730   835.478     -1     6600     6634  -1.0000  -1.0000  -1.0000  -1.0000
    24602744 fnpc17142.fnal.gov  GenuineIntel  4605.34  711_1030  1484.340   841.736     -1     6342     6356  -1.0000  -1.0000  -1.0000  -1.0000
    24602744 fnpc7211.fnal.gov   GenuineIntel  4605.88  711_1030  1481.810   838.803     -1     6898     6938  -1.0000  -1.0000  -1.0000  -1.0000
    24602744 fnpc7205.fnal.gov   GenuineIntel  4605.33  711_1030  1485.930   840.819     -1     7432     7482  -1.0000  -1.0000  -1.0000  -1.0000
    24602744 fnpc7203.fnal.gov   GenuineIntel  4605.34  711_1030  1480.310   835.690     -1     7788     7799  -1.0000  -1.0000  -1.0000  -1.0000
    24602744 fnpc7202.fnal.gov   GenuineIntel  4605.83  711_1030  1477.080   830.874     -1     7279     7300  -1.0000  -1.0000  -1.0000  -1.0000
    24602744 fnpc17134.fnal.gov  GenuineIntel  4605.31  711_1030  1477.970   829.678     -1     7278     7410  -1.0000  -1.0000  -1.0000  -1.0000
    24602744 fnpc17111.fnal.gov  GenuineIntel  4605.27  711_1030  1478.800   835.494     -1     7366     7394  -1.0000  -1.0000  -1.0000  -1.0000
    24602744 fnpc9004.fnal.gov   GenuineIntel  4799.30  711_1030  1478.380   836.346     -1     5695     5727  -1.0000  -1.0000  -1.0000  -1.0000
    24602744 fnpc17114.fnal.gov  GenuineIntel  4605.33  711_1030  1481.930   837.530     -1     6613     6640  -1.0000  -1.0000  -1.0000  -1.0000
    24602744 fnpc17127.fnal.gov  GenuineIntel  4604.99  711_1030  1481.950   839.578     -1     4733     4744  -1.0000  -1.0000  -1.0000  -1.0000
    24602744 fnpc17152.fnal.gov  GenuineIntel  4605.37  711_1030  1475.220   778.183     -1     6604     6764  -1.0000  -1.0000  -1.0000  -1.0000
    24602744 fnpc9020.fnal.gov   GenuineIntel  4800.47  711_1030  1478.140   834.310     -1     5216     5512  -1.0000  -1.0000  -1.0000  -1.0000
    24602744 fnpc17130.fnal.gov  GenuineIntel  4605.23  711_1030  1481.840   837.890     -1     6664     6725  -1.0000  -1.0000  -1.0000  -1.0000
    24602744 fnpc8205.fnal.gov   GenuineIntel  4605.43  711_1030  1476.710   831.332     -1     9242     9363  -1.0000  -1.0000  -1.0000  -1.0000
    24602744 fnpc17122.fnal.gov  GenuineIntel  4605.56  711_1030  1480.560   835.478     -1     5086     5107  -1.0000  -1.0000  -1.0000  -1.0000
    24602744 fnpc8204.fnal.gov   GenuineIntel  4605.59  711_1030  1484.920   840.491     -1     8946     9086  -1.0000  -1.0000  -1.0000  -1.0000
    24602744 fnpc9060.fnal.gov   GenuineIntel  4799.73  711_1030  1479.840   835.465     -1     5532     5539  -1.0000  -1.0000  -1.0000  -1.0000
    24602744 fnpc9054.fnal.gov   GenuineIntel  4799.22  711_1030  1480.000   810.476     -1     5403     5409  -1.0000  -1.0000  -1.0000  -1.0000
    24602744 fnpc9105.fnal.gov   GenuineIntel  4799.36  711_1030  1479.110   829.682     -1     5375     5387  -1.0000  -1.0000  -1.0000  -1.0000
    24602744 fnpc7017.fnal.gov   AuthenticAMD  4599.38  711_1030  1492.820   805.024     -1    15525    15638  -1.0000  -1.0000  -1.0000  -1.0000
    24602744 fnpc6027.fnal.gov   AuthenticAMD  4601.24  711_1030  1486.870   842.658     -1    16789    16886  -1.0000  -1.0000  -1.0000  -1.0000
    24602744 fnpc4525.fnal.gov   AuthenticAMD  4000.06  711_1030  1478.950   775.737     -1    14382    14415  -1.0000  -1.0000  -1.0000  -1.0000
    24602744 fnpc17115.fnal.gov  GenuineIntel  4605.35  711_1030  1478.430   819.790     -1     4564     4574  -1.0000  -1.0000  -1.0000  -1.0000
    24602744 fnpc8202.fnal.gov   GenuineIntel  4605.30  711_1030  1484.190   840.679     -1     7499     7515  -1.0000  -1.0000  -1.0000  -1.0000
    24602744 fnpc9045.fnal.gov   GenuineIntel  4799.71  711_1030  1481.610   837.685     -1     6556     6594  -1.0000  -1.0000  -1.0000  -1.0000
    24602744 fnpc8201.fnal.gov   GenuineIntel  4605.82  711_1030  1483.120   779.735     -1     8722     8741  -1.0000  -1.0000  -1.0000  -1.0000
    24602744 fnpc9001.fnal.gov   GenuineIntel  4799.31  711_1030  1482.030   839.946     -1     5497     5623  -1.0000  -1.0000  -1.0000  -1.0000
    24602744 fnpc17147.fnal.gov  GenuineIntel  4605.42  711_1030  1478.180   830.702     -1     4706     4721  -1.0000  -1.0000  -1.0000  -1.0000
    24602744 fnpc9011.fnal.gov   GenuineIntel  4799.73  711_1030  1477.350   831.775     -1     5353     5391  -1.0000  -1.0000  -1.0000  -1.0000
    24602744 fnpc17144.fnal.gov  GenuineIntel  4605.16  711_1030  1477.380   829.440     -1     4592     4610  -1.0000  -1.0000  -1.0000  -1.0000
    24602744 fnpc17118.fnal.gov  GenuineIntel  4604.99  711_1030  1476.800   832.971     -1     5141     5164  -1.0000  -1.0000  -1.0000  -1.0000
    24602744 fnpc6017.fnal.gov   AuthenticAMD  4599.39  711_1030  1479.980   789.410     -1    13843    13930  -1.0000  -1.0000  -1.0000  -1.0000
    24602744 fnpc7303.fnal.gov   GenuineIntel  4615.90  711_1030  1478.090   830.939     -1     7753     7778  -1.0000  -1.0000  -1.0000  -1.0000
    24602744 fnpc9022.fnal.gov   GenuineIntel  4799.33  711_1030  1486.070   790.155     -1     5395     5428  -1.0000  -1.0000  -1.0000  -1.0000
    24602744 fnpc9019.fnal.gov   GenuineIntel  4800.08  711_1030  1481.790   839.025     -1     5524     5547  -1.0000  -1.0000  -1.0000  -1.0000
    24602744 fnpc9039.fnal.gov   GenuineIntel  4799.31  711_1030  1483.260   814.690     -1     5587     5615  -1.0000  -1.0000  -1.0000  -1.0000
    24602744 fnpc6003.fnal.gov   AuthenticAMD  4599.45  711_1030  1483.130   813.806     -1    13782    13826  -1.0000  -1.0000  -1.0000  -1.0000
    24602744 fnpc9077.fnal.gov   GenuineIntel  4799.35  711_1030  1480.280   836.424     -1     6062     6090  -1.0000  -1.0000  -1.0000  -1.0000
    24602744 fnpc9067.fnal.gov   GenuineIntel  4799.36  711_1030  1476.570   830.480     -1     5483     5505  -1.0000  -1.0000  -1.0000  -1.0000
    24602744 fnpc8013.fnal.gov   GenuineIntel  4605.39  711_1030  1477.740   833.327     -1     8724     8775  -1.0000  -1.0000  -1.0000  -1.0000
    24602744 fnpc9020.fnal.gov   GenuineIntel  4800.47  711_1030  1478.430   833.085     -1     5416     5686  -1.0000  -1.0000  -1.0000  -1.0000
    24602744 fnpc8204.fnal.gov   GenuineIntel  4605.59  711_1030  1478.190   832.823     -1     8969     9093  -1.0000  -1.0000  -1.0000  -1.0000
    24602744 fnpc17110.fnal.gov  GenuineIntel  4605.33  711_1030  1477.820   834.978     -1     4916     5104  -1.0000  -1.0000  -1.0000  -1.0000
    24602744 fnpc9045.fnal.gov   GenuineIntel  4799.71  711_1030  1476.870   831.681     -1     6658     6701  -1.0000  -1.0000  -1.0000  -1.0000
    24602744 fnpc8201.fnal.gov   GenuineIntel  4605.82  711_1030  1478.410   835.863     -1     8099     8106  -1.0000  -1.0000  -1.0000  -1.0000
    24602744 fnpc9011.fnal.gov   GenuineIntel  4799.73  711_1030  1480.220   835.064     -1     5406     5484  -1.0000  -1.0000  -1.0000  -1.0000
    24602744 fnpc7303.fnal.gov   GenuineIntel  4615.90  711_1030  1480.630   835.858     -1     7717     7729  -1.0000  -1.0000  -1.0000  -1.0000
    24602744 fnpc9022.fnal.gov   GenuineIntel  4799.33  711_1030  1477.400   832.197     -1     5499     5544  -1.0000  -1.0000  -1.0000  -1.0000
    24602744 fnpc4525.fnal.gov   AuthenticAMD  4000.06  711_1030  1487.300   799.633     -1    14376    14408  -1.0000  -1.0000  -1.0000  -1.0000
    24602744 fnpc9001.fnal.gov   GenuineIntel  4799.31  711_1030  1479.610   836.477     -1     5477     5593  -1.0000  -1.0000  -1.0000  -1.0000
    24602744 fnpc17147.fnal.gov  GenuineIntel  4605.42  711_1030  1481.170   836.088     -1     4684     4697  -1.0000  -1.0000  -1.0000  -1.0000
    24602744 fnpc17144.fnal.gov  GenuineIntel  4605.16  711_1030  1475.440   779.780     -1     4875     4892  -1.0000  -1.0000  -1.0000  -1.0000
    24602744 fnpc9077.fnal.gov   GenuineIntel  4799.35  711_1030  1479.170   833.671     -1     6081     6141  -1.0000  -1.0000  -1.0000  -1.0000
    24602744 fnpc17118.fnal.gov  GenuineIntel  4604.99  711_1030  1476.220   831.930     -1     5125     5149  -1.0000  -1.0000  -1.0000  -1.0000
    24602744 fnpc6017.fnal.gov   AuthenticAMD  4599.39  711_1030  1478.250   834.847     -1    14296    14355  -1.0000  -1.0000  -1.0000  -1.0000
    24602744 fnpc9045.fnal.gov   GenuineIntel  4799.71  711_1030  1479.100   834.191     -1     6673     6708  -1.0000  -1.0000  -1.0000  -1.0000
    24602744 fnpc7017.fnal.gov   AuthenticAMD  4599.38  711_1030  1478.710   792.400     -1    15851    15977  -1.0000  -1.0000  -1.0000  -1.0000
    24602744 fnpc9022.fnal.gov   GenuineIntel  4799.33  711_1030  1483.080   790.856     -1     5366     5409  -1.0000  -1.0000  -1.0000  -1.0000
    24602744 fnpc9045.fnal.gov   GenuineIntel  4799.71  711_1030  1477.820   832.381     -1     6588     6625  -1.0000  -1.0000  -1.0000  -1.0000
    24602744 fnpc6027.fnal.gov   AuthenticAMD  4601.24  711_1030  1477.370   834.101     -1    17022    17108  -1.0000  -1.0000  -1.0000  -1.0000
    24602744 fnpc17115.fnal.gov  GenuineIntel  4605.35  711_1030  1477.370   798.609     -1     4916     4935  -1.0000  -1.0000  -1.0000  -1.0000
    24602744 fnpc6004.fnal.gov   AuthenticAMD  4599.38  711_1030  1484.420   843.813     -1    16482    16571  -1.0000  -1.0000  -1.0000  -1.0000
    24602744 fnpc6006.fnal.gov   AuthenticAMD  4599.37  711_1030  1479.010   840.970     -1    15880    16068  -1.0000  -1.0000  -1.0000  -1.0000
    24602744 fnpc4571.fnal.gov   AuthenticAMD  4000.07  711_1030  1479.930   840.462     -1    14438    14501  -1.0000  -1.0000  -1.0000  -1.0000
    24602744 fnpc6019.fnal.gov   AuthenticAMD  4599.38  711_1030  1483.850   840.745     -1    16430    16533  -1.0000  -1.0000  -1.0000  -1.0000
    24602744 fnpc9078.fnal.gov   GenuineIntel  4800.07  711_1030  1480.940   837.558     -1     5479     5524  -1.0000  -1.0000  -1.0000  -1.0000
    24602744 fnpc8023.fnal.gov   GenuineIntel  4605.71  711_1030  1478.430   830.640     -1     8036     8070  -1.0000  -1.0000  -1.0000  -1.0000
    24602744 fnpc9102.fnal.gov   GenuineIntel  4799.30  711_1030  1487.270   806.662     -1     5324     5328  -1.0000  -1.0000  -1.0000  -1.0000
    24602744 fnpc5020.fnal.gov   AuthenticAMD  4600.07  711_1030  1479.640   838.263     -1    12567    12617  -1.0000  -1.0000  -1.0000  -1.0000
    24602744 fnpc9055.fnal.gov   GenuineIntel  4799.36  711_1030  1478.640   831.009     -1     5523     5560  -1.0000  -1.0000  -1.0000  -1.0000
    24602744 fnpc7028.fnal.gov   AuthenticAMD  4599.40  711_1030  1484.290   843.026     -1    15275    15354  -1.0000  -1.0000  -1.0000  -1.0000
    24602744 fnpc7023.fnal.gov   AuthenticAMD  4599.41  711_1030  1481.490   836.497     -1    15679    15734  -1.0000  -1.0000  -1.0000  -1.0000
    24602744 fnpc9068.fnal.gov   GenuineIntel  4799.33  711_1030  1476.640   835.219     -1     6717     6728  -1.0000  -1.0000  -1.0000  -1.0000
    24602744 fnpc6005.fnal.gov   AuthenticAMD  4599.38  711_1030  1483.690   842.293     -1    14826    14884  -1.0000  -1.0000  -1.0000  -1.0000
    24602744 fnpc5029.fnal.gov   AuthenticAMD  4600.07  711_1030  1480.380   837.153     -1    12961    12994  -1.0000  -1.0000  -1.0000  -1.0000
    24602744 fnpc4525.fnal.gov   AuthenticAMD  4000.06  711_1030  1482.570   835.052     -1    14543    14577  -1.0000  -1.0000  -1.0000  -1.0000
    24602744 fnpc9042.fnal.gov   GenuineIntel  4799.30  711_1030  1479.220   834.150     -1     5451     5466  -1.0000  -1.0000  -1.0000  -1.0000
    24602744 fnpc9033.fnal.gov   GenuineIntel  4799.30  711_1030  1478.230   833.921     -1     5482     5518  -1.0000  -1.0000  -1.0000  -1.0000
    24602744 fnpc7201.fnal.gov   GenuineIntel  4611.96  711_1030  1481.690   793.494     -1     6615     6626  -1.0000  -1.0000  -1.0000  -1.0000
    24602744 fnpc9064.fnal.gov   GenuineIntel  4799.34  711_1030  1475.620   833.757     -1     5404     5422  -1.0000  -1.0000  -1.0000  -1.0000
    24602744 fnpc17124.fnal.gov  GenuineIntel  4605.28  711_1030  1476.880   833.913     -1     4666     4737  -1.0000  -1.0000  -1.0000  -1.0000
    24602744 fnpc7027.fnal.gov   AuthenticAMD  4599.39  711_1030  1478.870   840.737     -1    12741    13011  -1.0000  -1.0000  -1.0000  -1.0000
    24602744 fnpc8009.fnal.gov   GenuineIntel  4605.34  711_1030  1478.930   833.069     -1     7820     8071  -1.0000  -1.0000  -1.0000  -1.0000
    24602744 fnpc8014.fnal.gov   GenuineIntel  4605.40  711_1030  1479.230   837.063     -1     6951     6966  -1.0000  -1.0000  -1.0000  -1.0000
    24602744 fnpc9073.fnal.gov   GenuineIntel  4799.72  711_1030  1480.860   783.286     -1     5519     5545  -1.0000  -1.0000  -1.0000  -1.0000
    24602744 fnpc17126.fnal.gov  GenuineIntel  4605.58  711_1030  1481.530   836.317     -1     4964     4973  -1.0000  -1.0000  -1.0000  -1.0000
    24602744 fnpc9065.fnal.gov   GenuineIntel  4799.30  711_1030  1476.250   830.845     -1     6237     6289  -1.0000  -1.0000  -1.0000  -1.0000
    24602744 fnpc9071.fnal.gov   GenuineIntel  4799.38  711_1030  1479.910   832.958     -1     5415     5483  -1.0000  -1.0000  -1.0000  -1.0000
    24602744 fnpc17129.fnal.gov  GenuineIntel  4605.03  711_1030  1478.960   787.567     -1     5489     5550  -1.0000  -1.0000  -1.0000  -1.0000
    24602744 fnpc9028.fnal.gov   GenuineIntel  4799.34  711_1030  1480.210   782.328     -1     5512     5521  -1.0000  -1.0000  -1.0000  -1.0000
    24602744 fnpc17157.fnal.gov  GenuineIntel  4605.36  711_1030  1478.690   833.962     -1     4896     4945  -1.0000  -1.0000  -1.0000  -1.0000
    24602744 fnpc7207.fnal.gov   GenuineIntel  4605.73  711_1030  1478.510   833.942     -1     6621     6673  -1.0000  -1.0000  -1.0000  -1.0000
    24602744 fnpc9052.fnal.gov   GenuineIntel  4800.11  711_1030  1479.100   831.353     -1     5417     5465  -1.0000  -1.0000  -1.0000  -1.0000
    24602744 fnpc8011.fnal.gov   GenuineIntel  4606.18  711_1030  1481.360   836.022     -1     7806     7836  -1.0000  -1.0000  -1.0000  -1.0000
    24602744 fnpc17155.fnal.gov  GenuineIntel  4605.44  711_1030  1479.370   780.042     -1     5244     5260  -1.0000  -1.0000  -1.0000  -1.0000
    24602744 fnpc17152.fnal.gov  GenuineIntel  4605.37  711_1030  1480.730   786.633     -1     6485     6512  -1.0000  -1.0000  -1.0000  -1.0000
    24602744 fnpc17104.fnal.gov  GenuineIntel  4605.62  711_1030  1478.170   834.626     -1     4774     4790  -1.0000  -1.0000  -1.0000  -1.0000
    24602744 fnpc17117.fnal.gov  GenuineIntel  4605.30  711_1030  1478.680   780.128     -1     4955     4987  -1.0000  -1.0000  -1.0000  -1.0000
    24602744 fnpc7305.fnal.gov   GenuineIntel  4606.09  711_1030  1480.450   793.117     -1     9430     9445  -1.0000  -1.0000  -1.0000  -1.0000
    24602744 fnpc17102.fnal.gov  GenuineIntel  4605.21  711_1030  1480.510   832.745     -1     4727     4741  -1.0000  -1.0000  -1.0000  -1.0000
    24602744 fnpc17139.fnal.gov  GenuineIntel  4605.34  711_1030  1483.650   824.062     -1     5333     5356  -1.0000  -1.0000  -1.0000  -1.0000
    24602744 fnpc8206.fnal.gov   GenuineIntel  4605.93  711_1030  1485.490   829.653     -1     9359     9367  -1.0000  -1.0000  -1.0000  -1.0000
    24602744 fnpc7017.fnal.gov   AuthenticAMD  4599.38  711_1030  1482.670   838.025     -1    16955    17077  -1.0000  -1.0000  -1.0000  -1.0000
    24602744 fnpc9068.fnal.gov   GenuineIntel  4799.33  711_1030  1476.570   834.494     -1     6369     6392  -1.0000  -1.0000  -1.0000  -1.0000
    24602744 fnpc17116.fnal.gov  GenuineIntel  4604.92  711_1030  1478.750   811.602     -1     5022     5052  -1.0000  -1.0000  -1.0000  -1.0000
    24602744 fnpc6021.fnal.gov   AuthenticAMD  4599.92  711_1030  1478.550   837.325     -1    15084    15198  -1.0000  -1.0000  -1.0000  -1.0000
    24602744 fnpc17129.fnal.gov  GenuineIntel  4605.03  711_1030  1481.200   837.218     -1     5288     5354  -1.0000  -1.0000  -1.0000  -1.0000
    24602744 fnpc9069.fnal.gov   GenuineIntel  4799.34  711_1030  1480.890   787.685     -1     5447     5491  -1.0000  -1.0000  -1.0000  -1.0000
    24602744 fnpc9051.fnal.gov   GenuineIntel  4799.36  711_1030  1478.480   779.416     -1     5520     5540  -1.0000  -1.0000  -1.0000  -1.0000
    24602744 fnpc17129.fnal.gov  GenuineIntel  4605.03  711_1030  1479.880   835.543     -1     5200     5262  -1.0000  -1.0000  -1.0000  -1.0000
    24602744 fnpc17124.fnal.gov  GenuineIntel  4605.28  711_1030  1479.550   835.289     -1     4643     4715  -1.0000  -1.0000  -1.0000  -1.0000
    24602744 fnpc7301.fnal.gov   GenuineIntel  4618.52  711_1030  1477.700   832.152     -1     8580     8684  -1.0000  -1.0000  -1.0000  -1.0000
    24602744 fnpc7306.fnal.gov   GenuineIntel  4618.47  711_1030  1483.960   829.964     -1     8891     8909  -1.0000  -1.0000  -1.0000  -1.0000
    24602744 fnpc6028.fnal.gov   AuthenticAMD  4599.38  711_1030  1488.200   848.253     -1    15766    16134  -1.0000  -1.0000  -1.0000  -1.0000
    24602744 fnpc8009.fnal.gov   GenuineIntel  4605.34  711_1030  1479.690   835.355     -1     7368     7624  -1.0000  -1.0000  -1.0000  -1.0000
    24602744 fnpc9073.fnal.gov   GenuineIntel  4799.72  711_1030  1479.050   834.920     -1     5454     5470  -1.0000  -1.0000  -1.0000  -1.0000
    24602744 fnpc17129.fnal.gov  GenuineIntel  4605.03  711_1030  1480.520   832.930     -1     5488     5562  -1.0000  -1.0000  -1.0000  -1.0000
    24602744 fnpc9028.fnal.gov   GenuineIntel  4799.34  711_1030  1477.400   831.738     -1     5723     5734  -1.0000  -1.0000  -1.0000  -1.0000
    24602744 fnpc17117.fnal.gov  GenuineIntel  4605.30  711_1030  1480.670   834.769     -1     4913     4923  -1.0000  -1.0000  -1.0000  -1.0000
    24602744 fnpc7305.fnal.gov   GenuineIntel  4606.09  711_1030  1485.520   843.305     -1     9433     9447  -1.0000  -1.0000  -1.0000  -1.0000
    24602744 fnpc17139.fnal.gov  GenuineIntel  4605.34  711_1030  1490.290   831.566     -1     5334     5358  -1.0000  -1.0000  -1.0000  -1.0000
    24602744 fnpc17116.fnal.gov  GenuineIntel  4604.92  711_1030  1480.370   774.578     -1     6062     6083  -1.0000  -1.0000  -1.0000  -1.0000
    24602744 fnpc9069.fnal.gov   GenuineIntel  4799.34  711_1030  1485.390   841.884     -1     5484     5528  -1.0000  -1.0000  -1.0000  -1.0000
    24602744 fnpc9051.fnal.gov   GenuineIntel  4799.36  711_1030  1477.600   829.858     -1     5498     5508  -1.0000  -1.0000  -1.0000  -1.0000
    24602744 fnpc7301.fnal.gov   GenuineIntel  4618.52  711_1030  1483.680   839.352     -1     8371     8480  -1.0000  -1.0000  -1.0000  -1.0000
    24602744 fnpc17155.fnal.gov  GenuineIntel  4605.44  711_1030  1477.900   832.213     -1     5177     5197  -1.0000  -1.0000  -1.0000  -1.0000
    24602744 fnpc17152.fnal.gov  GenuineIntel  4605.37  711_1030  1486.230   843.354     -1     6491     6518  -1.0000  -1.0000  -1.0000  -1.0000
    24602744 fnpc17129.fnal.gov  GenuineIntel  4605.03  711_1030  1476.440   786.272     -1     5254     5312  -1.0000  -1.0000  -1.0000  -1.0000
    24602744 fnpc6021.fnal.gov   AuthenticAMD  4599.92  711_1030  1479.660   837.394     -1    14694    14849  -1.0000  -1.0000  -1.0000  -1.0000
    24602744 fnpc6000.fnal.gov   AuthenticAMD  4599.78  711_1030  1478.760   841.609     -1    15738    15812  -1.0000  -1.0000  -1.0000  -1.0000
    24602744 fnpc9057.fnal.gov   GenuineIntel  4799.72  711_1030  1481.110   834.490     -1     5410     5430  -1.0000  -1.0000  -1.0000  -1.0000
    24602744 fnpc4542.fnal.gov   AuthenticAMD  4000.06  711_1030  1479.310   840.450     -1    14589    14681  -1.0000  -1.0000  -1.0000  -1.0000
    24602744 fnpc9063.fnal.gov   GenuineIntel  4799.30  711_1030  1481.290   837.579     -1     5710     5729  -1.0000  -1.0000  -1.0000  -1.0000
    24602744 fnpc5001.fnal.gov   AuthenticAMD  4600.07  711_1030  1478.840   837.702     -1    12891    12939  -1.0000  -1.0000  -1.0000  -1.0000
    24602744 fnpc7002.fnal.gov   AuthenticAMD  4599.40  711_1030  1484.890   841.978     -1    17269    17567  -1.0000  -1.0000  -1.0000  -1.0000
    24602744 fnpc5006.fnal.gov   AuthenticAMD  4600.09  711_1030  1482.710   842.625     -1    12694    12733  -1.0000  -1.0000  -1.0000  -1.0000
    24602744 fnpc8012.fnal.gov   GenuineIntel  4605.57  711_1030  1478.270   835.129     -1     6475     6859  -1.0000  -1.0000  -1.0000  -1.0000
    24602744 fnpc6016.fnal.gov   AuthenticAMD  4599.37  711_1030  1497.100   848.392     -1    17240    17371  -1.0000  -1.0000  -1.0000  -1.0000
    24602744 fnpc9009.fnal.gov   GenuineIntel  4799.71  711_1030  1485.330   843.723     -1     5507     5610  -1.0000  -1.0000  -1.0000  -1.0000
    24602744 fnpc9102.fnal.gov   GenuineIntel  4799.30  711_1030  1478.610   833.458     -1     5465     5472  -1.0000  -1.0000  -1.0000  -1.0000
    24602744 fnpc9079.fnal.gov   GenuineIntel  4799.33  711_1030  1482.050   835.006     -1     5702     5808  -1.0000  -1.0000  -1.0000  -1.0000
    24602744 fnpc9053.fnal.gov   GenuineIntel  4799.71  711_1030  1484.990   840.405     -1     5542     5552  -1.0000  -1.0000  -1.0000  -1.0000
    24602744 fnpc9056.fnal.gov   GenuineIntel  4799.34  711_1030  1487.260   844.939     -1     6832     6844  -1.0000  -1.0000  -1.0000  -1.0000
    24602744 fnpc9031.fnal.gov   GenuineIntel  4799.31  711_1030  1478.910   834.589     -1     5421     5484  -1.0000  -1.0000  -1.0000  -1.0000
    24602744 fnpc8003.fnal.gov   GenuineIntel  4606.48  711_1030  1478.770   827.720     -1    10140    10186  -1.0000  -1.0000  -1.0000  -1.0000
    24602744 fnpc6014.fnal.gov   AuthenticAMD  4599.37  711_1030  1478.930   837.145     -1    16564    16665  -1.0000  -1.0000  -1.0000  -1.0000
    24602744 fnpc9007.fnal.gov   GenuineIntel  4799.34  711_1030  1487.650   842.007     -1     6709     6735  -1.0000  -1.0000  -1.0000  -1.0000
    24602744 fnpc8015.fnal.gov   GenuineIntel  4605.79  711_1030  1480.770   832.254     -1     8294     8321  -1.0000  -1.0000  -1.0000  -1.0000
    24602744 fnpc9044.fnal.gov   GenuineIntel  4799.33  711_1030  1476.740   831.054     -1     5477     5584  -1.0000  -1.0000  -1.0000  -1.0000
    24602744 fnpc7206.fnal.gov   GenuineIntel  4605.41  711_1030  1477.140   834.953     -1     7621     7645  -1.0000  -1.0000  -1.0000  -1.0000
    24602744 fnpc9054.fnal.gov   GenuineIntel  4799.22  711_1030  1477.820   830.013     -1     5402     5413  -1.0000  -1.0000  -1.0000  -1.0000
    24602744 fnpc17116.fnal.gov  GenuineIntel  4604.92  711_1030  1476.880   835.105     -1     5008     5021  -1.0000  -1.0000  -1.0000  -1.0000
    24602744 fnpc17123.fnal.gov  GenuineIntel  4605.25  711_1030  1480.790   834.748     -1     4805     4827  -1.0000  -1.0000  -1.0000  -1.0000
    24602744 fnpc6003.fnal.gov   AuthenticAMD  4599.45  711_1030  1479.560   841.839     -1    12176    12215  -1.0000  -1.0000  -1.0000  -1.0000
    24602744 fnpc6013.fnal.gov   AuthenticAMD  4599.51  711_1030  1485.050   839.455     -1    15790    15886  -1.0000  -1.0000  -1.0000  -1.0000
    24602744 fnpc8002.fnal.gov   GenuineIntel  4605.77  711_1030  1483.000   838.599     -1     8386     8408  -1.0000  -1.0000  -1.0000  -1.0000
    24602744 fnpc9027.fnal.gov   GenuineIntel  4800.49  711_1030  1480.430   836.055     -1     5571     5588  -1.0000  -1.0000  -1.0000  -1.0000
    24602744 fnpc9003.fnal.gov   GenuineIntel  4799.37  711_1030  1476.700   831.820     -1     7945     7964  -1.0000  -1.0000  -1.0000  -1.0000
    24602744 fnpc7201.fnal.gov   GenuineIntel  4611.96  711_1030  1480.260   836.284     -1     6493     6508  -1.0000  -1.0000  -1.0000  -1.0000
    24602744 fnpc9039.fnal.gov   GenuineIntel  4799.31  711_1030  1478.270   833.470     -1     5570     5605  -1.0000  -1.0000  -1.0000  -1.0000
    24602744 fnpc8022.fnal.gov   GenuineIntel  4605.11  711_1030  1476.260   833.327     -1     7613     7744  -1.0000  -1.0000  -1.0000  -1.0000
    24602744 fnpc17113.fnal.gov  GenuineIntel  4604.87  711_1030  1487.980   830.804     -1     5022     5034  -1.0000  -1.0000  -1.0000  -1.0000
    24602744 fnpc8010.fnal.gov   GenuineIntel  4605.36  711_1030  1484.110   836.723     -1     6549     6561  -1.0000  -1.0000  -1.0000  -1.0000
    24602744 fnpc17115.fnal.gov  GenuineIntel  4605.35  711_1030  1486.820   842.924     -1     4779     4786  -1.0000  -1.0000  -1.0000  -1.0000
    24602744 fnpc8004.fnal.gov   GenuineIntel  4605.51  711_1030  1486.070   842.228     -1     8605     8638  -1.0000  -1.0000  -1.0000  -1.0000
    24602744 fnpc9005.fnal.gov   GenuineIntel  4799.73  711_1030  1482.530   838.050     -1     5991     6015  -1.0000  -1.0000  -1.0000  -1.0000
